4.800665239555450964e-02 1.314594350670489527e-02 1.674350094311696097e-02 8.293260065692009339e-03 2.113136155604346603e-02 1.178430013859580600e-02 4.559637902022032653e-03 1.959579577775583462e-02 5.377915543889680294e-03 1.055332312877558902e-02 1.670676266711528316e-02 2.654524900020668876e-02 6.330381730787761063e-02 1.382209947026770760e-02 1.652680260914475216e-02 1.847821001062410762e-02 1.391779980534800856e-02 1.254693378282133523e-02 1.311523461029661004e-02 9.401026338868866822e-03 1.053968051460105367e-02 2.534162644086103422e-03 1.540753330106298460e-02 1.285053903036031432e-02 
1 1 1 1 4.800665242389521442e-02 
1 1 1 13 -9.719999999999999907e-04 
1 1 1 14 -2.220999999999999884e-03 
1 1 1 15 6.777000000000000038e-03 
1 1 1 16 -9.020000000000000240e-03 
1 1 1 17 -9.020000000000000240e-03 
1 1 1 18 5.177000000000000178e-03 
1 1 1 19 7.177000000000000220e-03 
1 1 1 20 3.780000000000000265e-04 
1 1 1 21 5.976999999999999674e-03 
1 1 1 22 1.779999999999999898e-04 
1 1 1 23 -8.219999999999999876e-03 
1 1 1 24 3.778000000000000108e-03 
1 1 2 2 1.314594353504559658e-02 
1 1 2 13 -4.220999999999999926e-03 
1 1 2 14 4.473999999999999679e-03 
1 1 2 15 7.399999999999999623e-05 
1 1 2 16 6.740000000000000114e-04 
1 1 2 17 -7.249999999999999500e-04 
1 1 2 18 -2.324999999999999810e-03 
1 1 2 19 -9.250000000000000409e-04 
1 1 2 20 3.274000000000000000e-03 
1 1 2 21 2.273999999999999980e-03 
1 1 2 22 7.399999999999999623e-05 
1 1 2 23 -7.249999999999999500e-04 
1 1 2 24 -1.925000000000000062e-03 
1 1 3 3 1.674350097145766228e-02 
1 1 3 13 -1.081900000000000049e-02 
1 1 3 14 4.739999999999999747e-04 
1 1 3 15 2.474000000000000071e-03 
1 1 3 16 -2.524999999999999901e-03 
1 1 3 17 3.073999999999999910e-03 
1 1 3 18 3.274000000000000000e-03 
1 1 3 19 2.474000000000000071e-03 
1 1 3 20 -5.249999999999999676e-04 
1 1 3 21 -1.124999999999999915e-03 
1 1 3 22 -1.250000000000000026e-04 
1 1 3 23 3.274000000000000000e-03 
1 1 3 24 7.399999999999999623e-05 
1 1 4 4 8.293260094032710653e-03 
1 1 4 13 -4.209999999999999875e-04 
1 1 4 14 -2.524999999999999901e-03 
1 1 4 15 -2.125000000000000153e-03 
1 1 4 16 -1.925000000000000062e-03 
1 1 4 17 1.074000000000000085e-03 
1 1 4 18 4.739999999999999747e-04 
1 1 4 19 -1.325000000000000006e-03 
1 1 4 20 2.273999999999999980e-03 
1 1 4 21 -7.249999999999999500e-04 
1 1 4 22 1.273999999999999959e-03 
1 1 4 23 -1.124999999999999915e-03 
1 1 4 24 5.073000000000000252e-03 
1 1 5 5 2.113136158438416387e-02 
1 1 5 13 -1.201900000000000017e-02 
1 1 5 14 2.073999999999999889e-03 
1 1 5 15 -5.249999999999999676e-04 
1 1 5 16 4.274000000000000021e-03 
1 1 5 17 3.073999999999999910e-03 
1 1 5 18 -2.724999999999999992e-03 
1 1 5 19 1.874000000000000015e-03 
1 1 5 20 7.399999999999999623e-05 
1 1 5 21 7.399999999999999623e-05 
1 1 5 22 4.739999999999999747e-04 
1 1 5 23 3.674000000000000182e-03 
1 1 5 24 -3.249999999999999851e-04 
1 1 6 6 1.178430016693650731e-02 
1 1 6 13 6.376999999999999856e-03 
1 1 6 14 -1.724999999999999971e-03 
1 1 6 15 -5.249999999999999676e-04 
1 1 6 16 1.474000000000000050e-03 
1 1 6 17 -5.249999999999999676e-04 
1 1 6 18 2.873999999999999819e-03 
1 1 6 19 -1.525000000000000097e-03 
1 1 6 20 -1.124999999999999915e-03 
1 1 6 21 -1.525000000000000097e-03 
1 1 6 22 -9.250000000000000409e-04 
1 1 6 23 -2.724999999999999992e-03 
1 1 6 24 -1.259999999999999998e-04 
1 1 7 7 4.559637930362733967e-03 
1 1 7 13 -1.020999999999999989e-03 
1 1 7 14 -5.249999999999999676e-04 
1 1 7 15 -1.250000000000000026e-04 
1 1 7 16 2.273999999999999980e-03 
1 1 7 17 -3.249999999999999851e-04 
1 1 7 18 -1.325000000000000006e-03 
1 1 7 19 -5.249999999999999676e-04 
1 1 7 20 -5.249999999999999676e-04 
1 1 7 21 -1.250000000000000026e-04 
1 1 7 22 7.399999999999999623e-05 
1 1 7 23 1.673999999999999924e-03 
1 1 7 24 4.739999999999999747e-04 
1 1 8 8 1.959579580609653593e-02 
1 1 8 13 -7.820000000000000562e-03 
1 1 8 14 1.074000000000000085e-03 
1 1 8 15 1.874000000000000015e-03 
1 1 8 16 3.674000000000000182e-03 
1 1 8 17 3.674000000000000182e-03 
1 1 8 18 1.874000000000000015e-03 
1 1 8 19 -2.724999999999999992e-03 
1 1 8 20 1.874000000000000015e-03 
1 1 8 21 6.740000000000000114e-04 
1 1 8 22 -9.250000000000000409e-04 
1 1 8 23 8.739999999999999939e-04 
1 1 8 24 -4.125000000000000194e-03 
1 1 9 9 5.377915572230381608e-03 
1 1 9 13 2.377999999999999906e-03 
1 1 9 14 -9.250000000000000409e-04 
1 1 9 15 3.274000000000000000e-03 
1 1 9 16 7.399999999999999623e-05 
1 1 9 17 -1.525000000000000097e-03 
1 1 9 18 -2.125000000000000153e-03 
1 1 9 19 4.739999999999999747e-04 
1 1 9 20 -2.925000000000000083e-03 
1 1 9 21 -1.124999999999999915e-03 
1 1 9 22 1.673999999999999924e-03 
1 1 9 23 1.273999999999999959e-03 
1 1 9 24 -5.249999999999999676e-04 
1 1 10 10 1.055332315711629033e-02 
1 1 10 13 4.577000000000000339e-03 
1 1 10 14 8.739999999999999939e-04 
1 1 10 15 -1.724999999999999971e-03 
1 1 10 16 -5.249999999999999676e-04 
1 1 10 17 7.399999999999999623e-05 
1 1 10 18 -2.925000000000000083e-03 
1 1 10 19 -3.324999999999999831e-03 
1 1 10 20 -1.259999999999999998e-04 
1 1 10 21 6.740000000000000114e-04 
1 1 10 22 7.399999999999999623e-05 
1 1 10 23 2.073999999999999889e-03 
1 1 10 24 2.739999999999999923e-04 
1 1 11 11 1.670676269545598447e-02 
1 1 11 13 9.976999999999999758e-03 
1 1 11 14 2.739999999999999923e-04 
1 1 11 15 -3.725000000000000012e-03 
1 1 11 16 2.739999999999999923e-04 
1 1 11 17 -1.250000000000000026e-04 
1 1 11 18 -9.250000000000000409e-04 
1 1 11 19 -3.249999999999999851e-04 
1 1 11 20 -5.249999999999999676e-04 
1 1 11 21 -2.524999999999999901e-03 
1 1 11 22 2.739999999999999923e-04 
1 1 11 23 7.399999999999999623e-05 
1 1 11 24 -2.724999999999999992e-03 
1 1 12 12 2.654524902854739007e-02 
1 1 12 13 1.397600000000000058e-02 
1 1 12 14 -1.325000000000000006e-03 
1 1 12 15 -5.723999999999999921e-03 
1 1 12 16 1.273999999999999959e-03 
1 1 12 17 1.273999999999999959e-03 
1 1 12 18 -1.325000000000000006e-03 
1 1 12 19 -1.325000000000000006e-03 
1 1 12 20 -2.125000000000000153e-03 
1 1 12 21 -2.524999999999999901e-03 
1 1 12 22 -2.125000000000000153e-03 
1 1 12 23 -1.250000000000000026e-04 
1 1 12 24 7.399999999999999623e-05 
1 1 13 13 6.330381733621830154e-02 
1 1 14 14 1.382209949860840892e-02 
1 1 15 15 1.652680263748545347e-02 
1 1 16 16 1.847821003896480893e-02 
1 1 17 17 1.391779983368870988e-02 
1 1 18 18 1.254693381116203654e-02 
1 1 19 19 1.311523463863731136e-02 
1 1 20 20 9.401026367209568135e-03 
1 1 21 21 1.053968054294175498e-02 
1 1 22 22 2.534162672426805169e-03 
1 1 23 23 1.540753332940368592e-02 
1 1 24 24 1.285053905870101564e-02 
2 1 1 1 1.000000000000019318e+00 
2 1 1 2 -3.053232176070800885e-01 
2 1 1 3 2.891798416489235191e-01 
2 1 1 4 8.179795174350142917e-01 
2 1 1 5 -4.941184396327840123e-01 
2 1 1 6 3.003545025558721979e-02 
2 1 1 7 -9.989215592194575777e-01 
2 1 1 8 -5.056739988422013221e-01 
2 1 1 9 1.914557726582972463e-01 
2 1 1 10 -8.389131910742402276e-01 
2 1 1 11 -5.593688951377568941e-01 
2 1 1 12 -5.237447808240295322e-01 
2 1 1 13 1.316944867644829487e-01 
2 1 1 14 5.050072295314579351e-01 
2 1 1 15 -7.447231615805435245e-01 
2 1 1 16 9.791857210774725928e-01 
2 1 1 17 7.939848809891207893e-01 
2 1 1 18 -9.793938005778316525e-01 
2 1 1 19 -8.980053647806577333e-01 
2 1 1 20 -1.643926665815242105e-01 
2 1 1 21 -5.711854014701086557e-01 
2 1 1 22 -9.909481129946982048e-01 
2 1 1 23 8.732947216096634824e-01 
2 1 1 24 -8.918814345656743692e-01 
2 1 2 2 9.999999999999960032e-01 
2 1 2 3 8.232704001995347909e-01 
2 1 2 4 -7.975266635713523788e-01 
2 1 2 5 9.787457561459675937e-01 
2 1 2 6 -9.609896510628999078e-01 
2 1 2 7 3.492059419799619091e-01 
2 1 2 8 9.759224792217873201e-01 
2 1 2 9 -9.930891709813123303e-01 
2 1 2 10 -2.621362040853106867e-01 
2 1 2 11 -6.185486168165954535e-01 
2 1 2 12 -6.512856842288984316e-01 
2 1 2 13 9.037456258890728122e-01 
2 1 2 14 -9.760907288850665386e-01 
2 1 2 15 -4.081243144773480935e-01 
2 1 2 16 -4.922425184412180243e-01 
2 1 2 17 -8.213297384909691301e-01 
2 1 2 18 1.067157300801166164e-01 
2 1 2 19 -1.447927851282866940e-01 
2 1 2 20 -8.891004864447996647e-01 
2 1 2 21 -6.072296817518074707e-01 
2 1 2 22 4.303938117657841178e-01 
2 1 2 23 -7.305653882887391815e-01 
2 1 2 24 7.029849485229066053e-01 
2 1 3 3 9.999999999999912292e-01 
2 1 3 4 -3.141265348774979760e-01 
2 1 3 5 6.893604222704899920e-01 
2 1 3 6 -9.481572298068532412e-01 
2 1 3 7 -2.444226276816711396e-01 
2 1 3 8 6.796338035211324513e-01 
2 1 3 9 -8.842011518598205111e-01 
2 1 3 10 -7.636081554469097421e-01 
2 1 3 11 -9.552612974352713282e-01 
2 1 3 12 -9.669350980604117796e-01 
2 1 3 13 9.870206433309828276e-01 
2 1 3 14 -6.802004038313022027e-01 
2 1 3 15 -8.542187485730551311e-01 
2 1 3 16 8.886628191362168361e-02 
2 1 3 17 -3.523588043834082195e-01 
2 1 3 18 -4.765519438093059335e-01 
2 1 3 19 -6.808710992979729593e-01 
2 1 3 20 -9.917900500496024119e-01 
2 1 3 21 -9.509265987902850714e-01 
2 1 3 22 -1.580531689232621828e-01 
2 1 3 23 -2.138376459565244359e-01 
2 1 3 24 1.750318119661242733e-01 
2 1 4 4 9.999999999999931166e-01 
2 1 4 5 -9.042956491504418048e-01 
2 1 4 6 5.995561347807425445e-01 
2 1 4 7 -8.438055623701818941e-01 
2 1 4 8 -9.099109864302415973e-01 
2 1 4 9 7.212127618653491057e-01 
2 1 4 10 -3.731267149776808512e-01 
2 1 4 11 1.928100680115058668e-02 
2 1 4 12 6.162640898497249303e-02 
2 1 4 13 -4.625136942251132921e-01 
2 1 4 14 9.095902050750869217e-01 
2 1 4 15 -2.252634835489903675e-01 
2 1 4 16 9.177096714992831750e-01 
2 1 4 17 9.991777567999340359e-01 
2 1 4 18 -6.849472659942600350e-01 
2 1 4 19 -4.814501097662369777e-01 
2 1 4 20 4.329511684366053603e-01 
2 1 4 21 4.957133407045826584e-03 
2 1 4 22 -8.877991688082008670e-01 
2 1 4 23 9.945932356998052892e-01 
2 1 4 24 -9.897074348877703542e-01 
2 1 5 5 9.999999999999968914e-01 
2 1 5 6 -8.838434112669143472e-01 
2 1 5 7 5.339507267745189356e-01 
2 1 5 8 9.999109753719733762e-01 
2 1 5 9 -9.479136169528400435e-01 
2 1 5 10 -5.865875953357185812e-02 
2 1 5 11 -4.442630588583090234e-01 
2 1 5 12 -4.818237560952945975e-01 
2 1 5 13 7.967497952437427866e-01 
2 1 5 14 -9.999209853948083371e-01 
2 1 5 15 -2.122294653106165663e-01 
2 1 5 16 -6.602915031743457064e-01 
2 1 5 17 -9.208601345301475893e-01 
2 1 5 18 3.083538115692886494e-01 
2 1 5 19 6.120088082714537220e-02 
2 1 5 20 -7.763369826672343876e-01 
2 1 5 21 -4.313841491812093198e-01 
2 1 5 22 6.063573296069306728e-01 
2 1 5 23 -8.550733542718742530e-01 
2 1 5 24 8.338955033988904031e-01 
2 1 6 6 1.000000000000009548e+00 
2 1 6 7 -7.641115998993933123e-02 
2 1 6 8 -8.775235319675495083e-01 
2 1 6 9 9.868087677731857132e-01 
2 1 6 10 5.188225206554298863e-01 
2 1 6 11 8.117439412660132358e-01 
2 1 6 12 8.357599663484335251e-01 
2 1 6 13 -9.868875993855801276e-01 
2 1 6 14 8.778938029667570087e-01 
2 1 6 15 6.447043037263844312e-01 
2 1 6 16 2.322849802460811020e-01 
2 1 6 17 6.315108898601634602e-01 
2 1 6 18 1.724521042155805761e-01 
2 1 6 19 4.128139763991591771e-01 
2 1 6 20 9.810122995622838626e-01 
2 1 6 21 8.032949142328007497e-01 
2 1 6 22 -1.639476633044906206e-01 
2 1 6 23 5.132022663481217162e-01 
2 1 6 24 -4.788532548308699344e-01 
2 1 7 7 9.999999999999962252e-01 
2 1 7 8 5.451841366905917363e-01 
2 1 7 9 -2.368194281048729144e-01 
2 1 7 10 8.127387649270859660e-01 
2 1 7 11 5.202797418571464272e-01 
2 1 7 12 4.836282006164056568e-01 
2 1 7 13 -8.552779911393690315e-02 
2 1 7 14 -5.445362155138181448e-01 
2 1 7 15 7.129345028328520906e-01 
2 1 7 16 -9.875532661515437072e-01 
2 1 7 17 -8.213545666943798951e-01 
2 1 7 18 9.689607992234011702e-01 
2 1 7 19 8.766088611498014105e-01 
2 1 7 20 1.184180197519393990e-01 
2 1 7 21 5.324594782535209125e-01 
2 1 7 22 9.961122611807731175e-01 
2 1 7 23 -8.949728081413393932e-01 
2 1 7 24 9.119180225287104591e-01 
2 1 8 8 9.999999999999938938e-01 
2 1 8 9 -9.435794486807327353e-01 
2 1 8 10 -4.533442349606820604e-02 
2 1 8 11 -4.322703837250471692e-01 
2 1 8 12 -4.700896172386622163e-01 
2 1 8 13 7.886161252790200304e-01 
2 1 8 14 -9.999996854437014360e-01 
2 1 8 15 -1.991724155991426437e-01 
2 1 8 16 -6.702527653153993459e-01 
2 1 8 17 -9.259801596884846830e-01 
2 1 8 18 3.210183067036382343e-01 
2 1 8 19 7.451251995603880296e-02 
2 1 8 20 -7.678581303658992274e-01 
2 1 8 21 -4.193089427129932378e-01 
2 1 8 22 6.169129137835939192e-01 
2 1 8 23 -8.619152042523458013e-01 
2 1 8 24 8.411850804832192718e-01 
2 1 9 9 1.000000000000000000e+00 
2 1 9 10 3.735821757741554783e-01 
2 1 9 11 7.064903877532271448e-01 
2 1 9 12 7.358425452307412185e-01 
2 1 9 13 -9.477389596681978778e-01 
2 1 9 14 9.438350295222354136e-01 
2 1 9 15 5.124462780114906746e-01 
2 1 9 16 3.866823879694876176e-01 
2 1 9 17 7.487043584913632976e-01 
2 1 9 18 1.071318845683061002e-02 
2 1 9 19 2.599169505740693831e-01 
2 1 9 20 9.366739234231151734e-01 
2 1 9 21 6.962800935493694832e-01 
2 1 9 22 -3.214841689856078322e-01 
2 1 9 23 6.453770670454707092e-01 
2 1 9 24 -6.146586345927839146e-01 
2 1 10 10 1.000000000000003775e+00 
2 1 10 11 9.204136351322599330e-01 
2 1 10 12 9.030224616560076356e-01 
2 1 10 13 -6.500051044375902976e-01 
2 1 10 14 4.610629984731998143e-02 
2 1 10 15 9.879862716254238508e-01 
2 1 10 16 -7.109843364303085611e-01 
2 1 10 17 -3.352051593085441650e-01 
2 1 10 18 9.315460679439357961e-01 
2 1 10 19 9.928168033836700657e-01 
2 1 10 20 6.747716419330829218e-01 
2 1 10 21 9.259193200251109035e-01 
2 1 10 22 7.582547259945491280e-01 
2 1 10 23 -4.674566587110995375e-01 
2 1 10 24 5.020566788989619944e-01 
2 1 11 11 9.999999999999904521e-01 
2 1 11 12 9.991019514518562072e-01 
2 1 11 13 -8.953650367679482081e-01 
2 1 11 14 4.329670191959367198e-01 
2 1 11 15 9.697734345005984968e-01 
2 1 11 16 -3.794834724497018197e-01 
2 1 11 17 5.980038373262577811e-02 
2 1 11 18 7.152506864152485822e-01 
2 1 11 19 8.670276889722111635e-01 
2 1 11 20 9.095974924776910608e-01 
2 1 11 21 9.998973807517420598e-01 
2 1 11 22 4.430276051510913526e-01 
2 1 11 23 -8.465105924678695271e-02 
2 1 11 24 1.239962423745630399e-01 
2 1 12 12 9.999999999999974465e-01 
2 1 12 13 -9.134299885195088509e-01 
2 1 12 14 4.707714659325830109e-01 
2 1 12 15 9.585638228208331890e-01 
2 1 12 16 -3.399414748181238677e-01 
2 1 12 17 1.020414414366830197e-01 
2 1 12 18 6.849969138662421742e-01 
2 1 12 19 8.451375017771410869e-01 
2 1 12 20 9.263852173110550536e-01 
2 1 12 21 9.983924965039063792e-01 
2 1 12 22 4.046441994212555127e-01 
2 1 12 23 -4.235652843599836681e-02 
2 1 12 24 8.184128089953394969e-02 
2 1 13 13 9.999999999999877875e-01 
2 1 13 14 -7.890910016920518188e-01 
2 1 13 15 -7.596368452971824503e-01 
2 1 13 16 -7.224514535566638196e-02 
2 1 13 17 -4.980791337177082334e-01 
2 1 13 18 -3.291815355971586810e-01 
2 1 13 19 -5.544147254649103296e-01 
2 1 13 20 -9.994534050098291544e-01 
2 1 13 21 -8.888939643170632454e-01 
2 1 13 22 2.573056630670701207e-03 
2 1 13 23 -3.679408957622291032e-01 
2 1 13 24 3.308742736921464478e-01 
2 1 14 14 9.999999999999900080e-01 
2 1 14 15 1.999295629880259162e-01 
2 1 14 16 6.696791245957881555e-01 
2 1 14 17 9.256881303357907820e-01 
2 1 14 18 -3.202864256193473369e-01 
2 1 14 19 -7.374195445341644173e-02 
2 1 14 20 7.683528951920288730e-01 
2 1 14 21 4.200102977782851355e-01 
2 1 14 22 -6.163045874957686632e-01 
2 1 14 23 8.615231528860390897e-01 
2 1 14 24 -8.407669979124471338e-01 
2 1 15 15 1.000000000000005329e+00 
2 1 15 16 -5.937679745565158651e-01 
2 1 15 17 -1.855775676702833277e-01 
2 1 15 18 8.641598397245106034e-01 
2 1 15 19 9.623993819712337583e-01 
2 1 15 20 7.807208620825908385e-01 
2 1 15 21 9.731692190330684111e-01 
2 1 15 22 6.483906909683707642e-01 
2 1 15 23 -3.252235899982615086e-01 
2 1 15 24 3.623722463423697526e-01 
2 1 16 16 9.999999999999907851e-01 
2 1 16 17 9.008494633959873710e-01 
2 1 16 18 -9.180174065730325461e-01 
2 1 16 19 -7.900120221594547631e-01 
2 1 16 20 3.923395131856471929e-02 
2 1 16 21 -3.926975985578039507e-01 
2 1 16 22 -9.975693915277176194e-01 
2 1 16 23 9.540013223670721354e-01 
2 1 16 24 -9.651129746519040431e-01 
2 1 17 17 1.000000000000004885e+00 
2 1 17 18 -6.548449493591466108e-01 
2 1 17 19 -4.455196255769071634e-01 
2 1 17 20 4.691411836468559748e-01 
2 1 17 21 4.549531992528339092e-02 
2 1 17 22 -8.684102126453876469e-01 
2 1 17 23 9.895652477204124331e-01 
2 1 17 24 -9.830918041783766048e-01 
2 1 18 18 1.000000000000016653e+00 
2 1 18 19 9.683600506188333457e-01 
2 1 18 20 3.602172677624460584e-01 
2 1 18 21 7.251882735807367864e-01 
2 1 18 22 9.434163817944921648e-01 
2 1 18 23 -7.569062065156506591e-01 
2 1 18 24 7.821629581340495685e-01 
2 1 19 19 9.999999999999927836e-01 
2 1 19 20 5.816239581123674451e-01 
2 1 19 21 8.740760794415912693e-01 
2 1 19 22 8.308111559157729253e-01 
2 1 19 23 -5.698663051225471010e-01 
2 1 19 24 6.019228621753989206e-01 
2 1 20 20 1.000000000000010436e+00 
2 1 20 21 9.035524477063507920e-01 
2 1 20 22 3.048628844862287871e-02 
2 1 20 23 3.370007358154615273e-01 
2 1 20 24 -2.994973298757022673e-01 
2 1 21 21 1.000000000000003109e+00 
2 1 21 22 4.558242222346385319e-01 
2 1 21 23 -9.891552323933339164e-02 
2 1 21 24 1.381975297106734779e-01 
2 1 22 22 9.999999999999870104e-01 
2 1 22 23 -9.307927097600866562e-01 
2 1 22 24 9.445229799898526846e-01 
2 1 23 23 1.000000000000001554e+00 
2 1 23 24 -9.992174340139549082e-01 
2 1 24 24 9.999999999999743538e-01 
