4.034339923048463894e-01 9.300399777759769948e-02 2.549960063302318947e-01 2.393960032843069630e-01 1.018039999858551120e-01 1.094040015410518984e-01 7.220399211460620803e-02 8.980399625431972899e-02 9.220399785770798384e-02 1.126040019096300054e-01 1.250040045429270108e-01 1.018039998510982397e-01 4.050339919272874512e-01 8.340399503569875805e-02 1.118040016093299893e-01 1.078040018529038968e-01 9.260399819403485056e-02 9.260399673187139080e-02 1.074040004980657687e-01 1.162040028376683104e-01 8.180399502505034115e-02 2.433960042955928826e-01 1.042040004759796357e-01 2.493960055897845585e-01 
1 1 1 1 4.034339930362126903e-01 
1 1 1 13 -1.103719999999999979e-01 
1 1 1 14 -1.425799999999999984e-02 
1 1 1 15 -2.825799999999999840e-02 
1 1 1 16 -2.545800000000000146e-02 
1 1 1 17 -1.845799999999999871e-02 
1 1 1 18 -1.885799999999999976e-02 
1 1 1 19 -2.805799999999999961e-02 
1 1 1 20 -3.165799999999999864e-02 
1 1 1 21 -1.285799999999999964e-02 
1 1 1 22 1.545420000000000127e-01 
1 1 1 23 -2.385800000000000073e-02 
1 1 1 24 1.575419999999999876e-01 
1 1 2 2 9.300399850896395870e-02 
1 1 2 13 -1.945799999999999960e-02 
1 1 2 14 2.077999999999999986e-03 
1 1 2 15 5.277999999999999706e-03 
1 1 2 16 6.677999999999999908e-03 
1 1 2 17 5.878000000000000412e-03 
1 1 2 18 4.277999999999999685e-03 
1 1 2 19 7.078000000000000090e-03 
1 1 2 20 6.078000000000000069e-03 
1 1 2 21 5.878000000000000412e-03 
1 1 2 22 -1.332200000000000051e-02 
1 1 2 23 3.278000000000000098e-03 
1 1 2 24 -1.372199999999999982e-02 
1 1 3 3 2.549960070615981400e-01 
1 1 3 13 1.603420000000000123e-01 
1 1 3 14 -1.392200000000000035e-02 
1 1 3 15 -1.432199999999999966e-02 
1 1 3 16 -1.372199999999999982e-02 
1 1 3 17 -1.392200000000000035e-02 
1 1 3 18 -1.372199999999999982e-02 
1 1 3 19 -1.392200000000000035e-02 
1 1 3 20 -1.412199999999999914e-02 
1 1 3 21 -1.532200000000000055e-02 
1 1 3 22 -1.632199999999999970e-02 
1 1 3 23 -1.452200000000000019e-02 
1 1 3 24 -1.652199999999999849e-02 
1 1 4 4 2.393960040156732361e-01 
1 1 4 13 1.525420000000000109e-01 
1 1 4 14 -1.352199999999999930e-02 
1 1 4 15 -1.332200000000000051e-02 
1 1 4 16 -1.472200000000000071e-02 
1 1 4 17 -1.392200000000000035e-02 
1 1 4 18 -1.372199999999999982e-02 
1 1 4 19 -1.172199999999999978e-02 
1 1 4 20 -1.232199999999999962e-02 
1 1 4 21 -1.272200000000000067e-02 
1 1 4 22 -1.652199999999999849e-02 
1 1 4 23 -1.372199999999999982e-02 
1 1 4 24 -1.632199999999999970e-02 
1 1 5 5 1.018040007172213712e-01 
1 1 5 13 -2.325800000000000090e-02 
1 1 5 14 6.478000000000000251e-03 
1 1 5 15 5.677999999999999887e-03 
1 1 5 16 6.677999999999999908e-03 
1 1 5 17 5.878000000000000412e-03 
1 1 5 18 4.078000000000000028e-03 
1 1 5 19 3.478000000000000189e-03 
1 1 5 20 6.478000000000000251e-03 
1 1 5 21 4.878000000000000391e-03 
1 1 5 22 -1.372199999999999982e-02 
1 1 5 23 7.277999999999999747e-03 
1 1 5 24 -1.392200000000000035e-02 
1 1 6 6 1.094040022724181577e-01 
1 1 6 13 -2.825799999999999840e-02 
1 1 6 14 6.878000000000000433e-03 
1 1 6 15 7.078000000000000090e-03 
1 1 6 16 4.078000000000000028e-03 
1 1 6 17 4.677999999999999867e-03 
1 1 6 18 7.277999999999999747e-03 
1 1 6 19 6.478000000000000251e-03 
1 1 6 20 7.277999999999999747e-03 
1 1 6 21 4.478000000000000209e-03 
1 1 6 22 -1.272200000000000067e-02 
1 1 6 23 6.478000000000000251e-03 
1 1 6 24 -1.372199999999999982e-02 
1 1 7 7 7.220399284597246725e-02 
1 1 7 13 -9.858000000000000443e-03 
1 1 7 14 1.678000000000000021e-03 
1 1 7 15 3.677999999999999846e-03 
1 1 7 16 7.877999999999999586e-03 
1 1 7 17 6.277999999999999726e-03 
1 1 7 18 6.780000000000000002e-04 
1 1 7 19 2.077999999999999986e-03 
1 1 7 20 3.877999999999999937e-03 
1 1 7 21 4.478000000000000209e-03 
1 1 7 22 -1.212200000000000083e-02 
1 1 7 23 5.478000000000000230e-03 
1 1 7 24 -1.412199999999999914e-02 
1 1 8 8 8.980399698568598821e-02 
1 1 8 13 -1.425799999999999984e-02 
1 1 8 14 3.677999999999999846e-03 
1 1 8 15 2.877999999999999916e-03 
1 1 8 16 6.878000000000000433e-03 
1 1 8 17 6.277999999999999726e-03 
1 1 8 18 1.877999999999999895e-03 
1 1 8 19 6.677999999999999908e-03 
1 1 8 20 7.478000000000000272e-03 
1 1 8 21 1.477999999999999930e-03 
1 1 8 22 -1.492199999999999950e-02 
1 1 8 23 7.677999999999999929e-03 
1 1 8 24 -1.572199999999999986e-02 
1 1 9 9 9.220399858907424306e-02 
1 1 9 13 -2.045800000000000049e-02 
1 1 9 14 7.078000000000000090e-03 
1 1 9 15 6.078000000000000069e-03 
1 1 9 16 5.277999999999999706e-03 
1 1 9 17 2.077999999999999986e-03 
1 1 9 18 3.877999999999999937e-03 
1 1 9 19 5.078000000000000048e-03 
1 1 9 20 6.478000000000000251e-03 
1 1 9 21 5.677999999999999887e-03 
1 1 9 22 -1.292199999999999946e-02 
1 1 9 23 4.478000000000000209e-03 
1 1 9 24 -1.272200000000000067e-02 
1 1 10 10 1.126040026409962647e-01 
1 1 10 13 -2.845800000000000066e-02 
1 1 10 14 5.078000000000000048e-03 
1 1 10 15 6.677999999999999908e-03 
1 1 10 16 8.078000000000000111e-03 
1 1 10 17 6.078000000000000069e-03 
1 1 10 18 6.478000000000000251e-03 
1 1 10 19 1.047799999999999947e-02 
1 1 10 20 5.078000000000000048e-03 
1 1 10 21 2.677999999999999825e-03 
1 1 10 22 -1.432199999999999966e-02 
1 1 10 23 5.677999999999999887e-03 
1 1 10 24 -1.352199999999999930e-02 
1 1 11 11 1.250040052742932561e-01 
1 1 11 13 -3.405799999999999800e-02 
1 1 11 14 5.277999999999999706e-03 
1 1 11 15 9.077999999999999264e-03 
1 1 11 16 4.078000000000000028e-03 
1 1 11 17 4.078000000000000028e-03 
1 1 11 18 9.478000000000000314e-03 
1 1 11 19 8.878000000000000475e-03 
1 1 11 20 8.278000000000000635e-03 
1 1 11 21 5.277999999999999706e-03 
1 1 11 22 -1.452200000000000019e-02 
1 1 11 23 8.078000000000000111e-03 
1 1 11 24 -1.392200000000000035e-02 
1 1 12 12 1.018040005824644989e-01 
1 1 12 13 -2.445800000000000057e-02 
1 1 12 14 3.478000000000000189e-03 
1 1 12 15 9.478000000000000314e-03 
1 1 12 16 4.277999999999999685e-03 
1 1 12 17 5.078000000000000048e-03 
1 1 12 18 8.278000000000000635e-03 
1 1 12 19 3.478000000000000189e-03 
1 1 12 20 7.078000000000000090e-03 
1 1 12 21 6.078000000000000069e-03 
1 1 12 22 -1.312199999999999998e-02 
1 1 12 23 3.677999999999999846e-03 
1 1 12 24 -1.332200000000000051e-02 
1 1 13 13 4.050339926586536965e-01 
1 1 14 14 8.340399576706501727e-02 
1 1 15 15 1.118040023406962485e-01 
1 1 16 16 1.078040025842701560e-01 
1 1 17 17 9.260399892540112365e-02 
1 1 18 18 9.260399746323765002e-02 
1 1 19 19 1.074040012294320418e-01 
1 1 20 20 1.162040035690345696e-01 
1 1 21 21 8.180399575641660037e-02 
1 1 22 22 2.433960050269591280e-01 
1 1 23 23 1.042040012073458949e-01 
1 1 24 24 2.493960063211508038e-01 
2 1 1 1 9.999999999999998890e-01 
2 1 1 2 -9.999999846312875862e-01 
2 1 1 3 9.999999775930228374e-01 
2 1 1 4 9.999999770663383636e-01 
2 1 1 5 -9.999999849080133396e-01 
2 1 1 6 -9.999999848074669906e-01 
2 1 1 7 -9.999999835097870271e-01 
2 1 1 8 -9.999999853548914297e-01 
2 1 1 9 -9.999999842361099178e-01 
2 1 1 10 -9.999999851949488150e-01 
2 1 1 11 -9.999999854117448406e-01 
2 1 1 12 -9.999999846461875563e-01 
2 1 1 13 -9.999999743279232023e-01 
2 1 1 14 9.999999823559492240e-01 
2 1 1 15 9.999999867035678225e-01 
2 1 1 16 9.999999862524848737e-01 
2 1 1 17 9.999999841843926207e-01 
2 1 1 18 9.999999839816103853e-01 
2 1 1 19 9.999999866239541735e-01 
2 1 1 20 9.999999874862490756e-01 
2 1 1 21 9.999999818952095554e-01 
2 1 1 22 -9.999999959322762866e-01 
2 1 1 23 9.999999857734656050e-01 
2 1 1 24 -9.999999959928076443e-01 
2 1 2 2 1.000000000000000222e+00 
2 1 2 3 -9.999999846959192196e-01 
2 1 2 4 -9.999999843397194832e-01 
2 1 2 5 9.999999837948374548e-01 
2 1 2 6 9.999999842848567022e-01 
2 1 2 7 9.999999805186342572e-01 
2 1 2 8 9.999999826999338426e-01 
2 1 2 9 9.999999829898061909e-01 
2 1 2 10 9.999999845193568992e-01 
2 1 2 11 9.999999851493949210e-01 
2 1 2 12 9.999999837811571757e-01 
2 1 2 13 9.999999843539290056e-01 
2 1 2 14 -9.999999819700190473e-01 
2 1 2 15 -9.999999848621388132e-01 
2 1 2 16 -9.999999848399563351e-01 
2 1 2 17 -9.999999836467889924e-01 
2 1 2 18 -9.999999833226987933e-01 
2 1 2 19 -9.999999848713342354e-01 
2 1 2 20 -9.999999852017285029e-01 
2 1 2 21 -9.999999825488620209e-01 
2 1 2 22 9.999999854751248085e-01 
2 1 2 23 -9.999999840814974839e-01 
2 1 2 24 9.999999855947482308e-01 
2 1 3 3 9.999999999999998890e-01 
2 1 3 4 9.999999936386196886e-01 
2 1 3 5 -9.999999858095977023e-01 
2 1 3 6 -9.999999868215690979e-01 
2 1 3 7 -9.999999808271730073e-01 
2 1 3 8 -9.999999833492586587e-01 
2 1 3 9 -9.999999848878835529e-01 
2 1 3 10 -9.999999868790889757e-01 
2 1 3 11 -9.999999879023376836e-01 
2 1 3 12 -9.999999859821205872e-01 
2 1 3 13 -9.999999960462631066e-01 
2 1 3 14 9.999999854189203230e-01 
2 1 3 15 9.999999863732446093e-01 
2 1 3 16 9.999999861936930134e-01 
2 1 3 17 9.999999857316237417e-01 
2 1 3 18 9.999999858546317899e-01 
2 1 3 19 9.999999859061130536e-01 
2 1 3 20 9.999999861920668698e-01 
2 1 3 21 9.999999854932528631e-01 
2 1 3 22 -9.999999793349373389e-01 
2 1 3 23 9.999999862096575765e-01 
2 1 3 24 -9.999999794906425654e-01 
2 1 4 4 9.999999999999996669e-01 
2 1 4 5 -9.999999854669411326e-01 
2 1 4 6 -9.999999864854073328e-01 
2 1 4 7 -9.999999804538837189e-01 
2 1 4 8 -9.999999829800391149e-01 
2 1 4 9 -9.999999845362704809e-01 
2 1 4 10 -9.999999865439576086e-01 
2 1 4 11 -9.999999875681613304e-01 
2 1 4 12 -9.999999856394566899e-01 
2 1 4 13 -9.999999958948584400e-01 
2 1 4 14 9.999999851256966554e-01 
2 1 4 15 9.999999860106327798e-01 
2 1 4 16 9.999999859529172808e-01 
2 1 4 17 9.999999854515763120e-01 
2 1 4 18 9.999999855761931844e-01 
2 1 4 19 9.999999854651598907e-01 
2 1 4 20 9.999999857761129318e-01 
2 1 4 21 9.999999850343598284e-01 
2 1 4 22 -9.999999788208836504e-01 
2 1 4 23 9.999999858659984753e-01 
2 1 4 24 -9.999999789883368129e-01 
2 1 5 5 9.999999999999997780e-01 
2 1 5 6 9.999999850731480233e-01 
2 1 5 7 9.999999811819888507e-01 
2 1 5 8 9.999999833875273803e-01 
2 1 5 9 9.999999837497093313e-01 
2 1 5 10 9.999999852631999975e-01 
2 1 5 11 9.999999859288140058e-01 
2 1 5 12 9.999999845251653641e-01 
2 1 5 13 9.999999855924129877e-01 
2 1 5 14 -9.999999835396576886e-01 
2 1 5 15 -9.999999855685550720e-01 
2 1 5 16 -9.999999854751111528e-01 
2 1 5 17 -9.999999843112363784e-01 
2 1 5 18 -9.999999839869924134e-01 
2 1 5 19 -9.999999849679795938e-01 
2 1 5 20 -9.999999858792365526e-01 
2 1 5 21 -9.999999830526968836e-01 
2 1 5 22 9.999999858133836739e-01 
2 1 5 23 -9.999999853649592652e-01 
2 1 5 24 9.999999859216255338e-01 
2 1 6 6 1.000000000000000000e+00 
2 1 6 7 9.999999815193428843e-01 
2 1 6 8 9.999999837901312194e-01 
2 1 6 9 9.999999842633733316e-01 
2 1 6 10 9.999999858211445769e-01 
2 1 6 11 9.999999865319640913e-01 
2 1 6 12 9.999999850771859045e-01 
2 1 6 13 9.999999867833760936e-01 
2 1 6 14 -9.999999841035882575e-01 
2 1 6 15 -9.999999861826571745e-01 
2 1 6 16 -9.999999855516277236e-01 
2 1 6 17 -9.999999845892638684e-01 
2 1 6 18 -9.999999849880747416e-01 
2 1 6 19 -9.999999858112783580e-01 
2 1 6 20 -9.999999863779900355e-01 
2 1 6 21 -9.999999835066292198e-01 
2 1 6 22 9.999999857453700791e-01 
2 1 6 23 -9.999999856840157131e-01 
2 1 6 24 9.999999859034984784e-01 
2 1 7 7 9.999999999999996669e-01 
2 1 7 8 9.999999803181044422e-01 
2 1 7 9 9.999999803456377512e-01 
2 1 7 10 9.999999817814430036e-01 
2 1 7 11 9.999999823257795795e-01 
2 1 7 12 9.999999810647329790e-01 
2 1 7 13 9.999999800486133461e-01 
2 1 7 14 -9.999999791900524571e-01 
2 1 7 15 -9.999999822053884380e-01 
2 1 7 16 -9.999999828012227088e-01 
2 1 7 17 -9.999999813622473255e-01 
2 1 7 18 -9.999999799731518202e-01 
2 1 7 19 -9.999999816328856150e-01 
2 1 7 20 -9.999999825393689479e-01 
2 1 7 21 -9.999999797028995552e-01 
2 1 7 22 9.999999841359196173e-01 
2 1 7 23 -9.999999820776849235e-01 
2 1 7 24 9.999999843939335609e-01 
2 1 8 8 9.999999999999992228e-01 
2 1 8 9 9.999999825640268902e-01 
2 1 8 10 9.999999840488276170e-01 
2 1 8 11 9.999999846128301284e-01 
2 1 8 12 9.999999832680050993e-01 
2 1 8 13 9.999999826960110916e-01 
2 1 8 14 -9.999999817837725846e-01 
2 1 8 15 -9.999999841422205771e-01 
2 1 8 16 -9.999999845304758939e-01 
2 1 8 17 -9.999999833022366058e-01 
2 1 8 18 -9.999999824108570801e-01 
2 1 8 19 -9.999999844990747899e-01 
2 1 8 20 -9.999999851252991956e-01 
2 1 8 21 -9.999999810883671847e-01 
2 1 8 22 9.999999860621224812e-01 
2 1 8 23 -9.999999844375577762e-01 
2 1 8 24 9.999999862028777775e-01 
2 1 9 9 1.000000000000000000e+00 
2 1 9 10 9.999999844463083321e-01 
2 1 9 11 9.999999851207843626e-01 
2 1 9 12 9.999999837185709062e-01 
2 1 9 13 9.999999846292260131e-01 
2 1 9 14 -9.999999829624851566e-01 
2 1 9 15 -9.999999849071515845e-01 
2 1 9 16 -9.999999845430453949e-01 
2 1 9 17 -9.999999828940440150e-01 
2 1 9 18 -9.999999832049890625e-01 
2 1 9 19 -9.999999844716085384e-01 
2 1 9 20 -9.999999851693690545e-01 
2 1 9 21 -9.999999824870036136e-01 
2 1 9 22 9.999999851400439566e-01 
2 1 9 23 -9.999999842075393275e-01 
2 1 9 24 9.999999852203622641e-01 
2 1 10 10 1.000000000000000000e+00 
2 1 10 11 9.999999867072193460e-01 
2 1 10 12 9.999999852495443653e-01 
2 1 10 13 9.999999868016586912e-01 
2 1 10 14 -9.999999839540083535e-01 
2 1 10 15 -9.999999863189983351e-01 
2 1 10 16 -9.999999862689327168e-01 
2 1 10 17 -9.999999849818315134e-01 
2 1 10 18 -9.999999850290632875e-01 
2 1 10 19 -9.999999865258872855e-01 
2 1 10 20 -9.999999863097491781e-01 
2 1 10 21 -9.999999833594411802e-01 
2 1 10 22 9.999999861586988947e-01 
2 1 10 23 -9.999999857606237663e-01 
2 1 10 24 9.999999862122402883e-01 
2 1 11 11 9.999999999999994449e-01 
2 1 11 12 9.999999859616398590e-01 
2 1 11 13 9.999999879454196661e-01 
2 1 11 14 -9.999999846085579902e-01 
2 1 11 15 -9.999999871502581739e-01 
2 1 11 16 -9.999999863412099010e-01 
2 1 11 17 -9.999999852932327515e-01 
2 1 11 18 -9.999999860288296682e-01 
2 1 11 19 -9.999999868354081389e-01 
2 1 11 20 -9.999999872178390037e-01 
2 1 11 21 -9.999999844305078600e-01 
2 1 11 22 9.999999864141815298e-01 
2 1 11 23 -9.999999866286755079e-01 
2 1 11 24 9.999999864854443032e-01 
2 1 12 12 9.999999999999993339e-01 
2 1 12 13 9.999999858356670712e-01 
2 1 12 14 -9.999999829860179990e-01 
2 1 12 15 -9.999999860638307814e-01 
2 1 12 16 -9.999999850960924475e-01 
2 1 12 17 -9.999999841603705031e-01 
2 1 12 18 -9.999999846841507445e-01 
2 1 12 19 -9.999999849303230492e-01 
2 1 12 20 -9.999999859150062731e-01 
2 1 12 21 -9.999999832878554429e-01 
2 1 12 22 9.999999855715080432e-01 
2 1 12 23 -9.999999848024664351e-01 
2 1 12 24 9.999999856810797283e-01 
2 1 13 13 9.999999999999995559e-01 
2 1 13 14 -9.999999844635386603e-01 
2 1 13 15 -9.999999852107518405e-01 
2 1 13 16 -9.999999850701937198e-01 
2 1 13 17 -9.999999846741168819e-01 
2 1 13 18 -9.999999848659572033e-01 
2 1 13 19 -9.999999846783796942e-01 
2 1 13 20 -9.999999849372325222e-01 
2 1 13 21 -9.999999844677811556e-01 
2 1 13 22 9.999999772383659780e-01 
2 1 13 23 -9.999999850736861484e-01 
2 1 13 24 9.999999774012318099e-01 
2 1 14 14 1.000000000000000222e+00 
2 1 14 15 9.999999833838750796e-01 
2 1 14 16 9.999999831111968662e-01 
2 1 14 17 9.999999819930189826e-01 
2 1 14 18 9.999999820291195496e-01 
2 1 14 19 9.999999830394779021e-01 
2 1 14 20 9.999999835679387328e-01 
2 1 14 21 9.999999809245707638e-01 
2 1 14 22 -9.999999826856696972e-01 
2 1 14 23 9.999999829292222087e-01 
2 1 14 24 -9.999999828041354899e-01 
2 1 15 15 9.999999999999997780e-01 
2 1 15 16 9.999999856252220765e-01 
2 1 15 17 9.999999843973425007e-01 
2 1 15 18 9.999999844253911752e-01 
2 1 15 19 9.999999856146124522e-01 
2 1 15 20 9.999999861894771636e-01 
2 1 15 21 9.999999831796068106e-01 
2 1 15 22 -9.999999865581985503e-01 
2 1 15 23 9.999999853864779409e-01 
2 1 15 24 -9.999999866693013439e-01 
2 1 16 16 9.999999999999991118e-01 
2 1 16 17 9.999999841991108473e-01 
2 1 16 18 9.999999840678165386e-01 
2 1 16 19 9.999999853400077798e-01 
2 1 16 20 9.999999858985582080e-01 
2 1 16 21 9.999999829130122864e-01 
2 1 16 22 -9.999999861790362932e-01 
2 1 16 23 9.999999851488048375e-01 
2 1 16 24 -9.999999862989378263e-01 
2 1 17 17 9.999999999999997780e-01 
2 1 17 18 9.999999829364732973e-01 
2 1 17 19 9.999999840861091283e-01 
2 1 17 20 9.999999846313737395e-01 
2 1 17 21 9.999999818209459601e-01 
2 1 17 22 -9.999999843264844035e-01 
2 1 17 23 9.999999839448365790e-01 
2 1 17 24 -9.999999844510805147e-01 
2 1 18 18 9.999999999999998890e-01 
2 1 18 19 9.999999840696538467e-01 
2 1 18 20 9.999999845942273424e-01 
2 1 18 21 9.999999818280629338e-01 
2 1 18 22 -9.999999841334316075e-01 
2 1 18 23 9.999999838766573390e-01 
2 1 18 24 -9.999999842453036747e-01 
2 1 19 19 9.999999999999997780e-01 
2 1 19 20 9.999999858940668007e-01 
2 1 19 21 9.999999827864111124e-01 
2 1 19 22 -9.999999864257554938e-01 
2 1 19 23 9.999999850909148114e-01 
2 1 19 24 -9.999999865331554716e-01 
2 1 20 20 9.999999999999995559e-01 
2 1 20 21 9.999999833330830423e-01 
2 1 20 22 -9.999999872158283898e-01 
2 1 20 23 9.999999856548119626e-01 
2 1 20 24 -9.999999873274290074e-01 
2 1 21 21 1.000000000000000222e+00 
2 1 21 22 -9.999999822956959772e-01 
2 1 21 23 9.999999826888944510e-01 
2 1 21 24 -9.999999824208534172e-01 
2 1 22 22 9.999999999999998890e-01 
2 1 22 23 -9.999999857507790857e-01 
2 1 22 24 9.999999936253688437e-01 
2 1 23 23 9.999999999999994449e-01 
2 1 23 24 -9.999999858692367738e-01 
2 1 24 24 9.999999999999995559e-01 
