9.133454485102070544e-03 1.491557065599030153e-02 1.086840782477637574e-01 1.005160264818961702e-01 8.548393510570428955e-02 1.477163082365728908e-01 5.508376757834970716e-02 2.181166878681841392e-01 3.348366878538377306e-02 1.430842697316106749e-01 6.931585106662721540e-02 1.338842306853270936e-01 5.597168122294864379e-01 5.346340235391618123e-02 5.626425553229784382e-02 4.346329528725209612e-02 5.266406427475921193e-02 5.226386956804271455e-02 5.786342188945597237e-02 5.426371275255023607e-02 3.626323080390780190e-02 5.306448649774188342e-02 4.666344472331957621e-02 5.346414527871036493e-02 
1 1 1 1 9.133454956823534518e-03 
1 1 1 13 -4.571999999999999675e-03 
1 1 1 14 -2.258000000000000024e-03 
1 1 1 15 3.742000000000000100e-03 
1 1 1 16 -1.858000000000000059e-03 
1 1 1 17 2.541999999999999989e-03 
1 1 1 18 9.420000000000000205e-04 
1 1 1 19 -3.258000000000000045e-03 
1 1 1 20 1.420000000000000092e-04 
1 1 1 21 -2.658000000000000206e-03 
1 1 1 22 7.141999999999999911e-03 
1 1 1 23 -2.857999999999999863e-03 
1 1 1 24 2.942000000000000171e-03 
1 1 2 2 1.491557112771176551e-02 
1 1 2 13 -7.458000000000000219e-03 
1 1 2 14 4.780000000000000178e-04 
1 1 2 15 1.077999999999999965e-03 
1 1 2 16 -2.321999999999999845e-03 
1 1 2 17 1.477999999999999930e-03 
1 1 2 18 2.779999999999999811e-04 
1 1 2 19 4.078000000000000028e-03 
1 1 2 20 2.779999999999999811e-04 
1 1 2 21 -1.121999999999999950e-03 
1 1 2 22 -2.321999999999999845e-03 
1 1 2 23 5.078000000000000048e-03 
1 1 2 24 4.780000000000000178e-04 
1 1 3 3 1.086840787194852248e-01 
1 1 3 13 5.434200000000000141e-02 
1 1 3 14 -3.321999999999999866e-03 
1 1 3 15 -7.322000000000000383e-03 
1 1 3 16 -3.521999999999999957e-03 
1 1 3 17 -5.121999999999999817e-03 
1 1 3 18 -4.322000000000000321e-03 
1 1 3 19 -4.322000000000000321e-03 
1 1 3 20 -7.121999999999999859e-03 
1 1 3 21 -4.121999999999999796e-03 
1 1 3 22 -6.322000000000000362e-03 
1 1 3 23 -4.922000000000000160e-03 
1 1 3 24 -3.922000000000000139e-03 
1 1 4 4 1.005160269536176237e-01 
1 1 4 13 -5.025799999999999712e-02 
1 1 4 14 7.877999999999999586e-03 
1 1 4 15 3.877999999999999937e-03 
1 1 4 16 -1.219999999999999974e-04 
1 1 4 17 3.078000000000000007e-03 
1 1 4 18 5.277999999999999706e-03 
1 1 4 19 8.477999999999999425e-03 
1 1 4 20 2.278000000000000077e-03 
1 1 4 21 4.677999999999999867e-03 
1 1 4 22 3.677999999999999846e-03 
1 1 4 23 6.078000000000000069e-03 
1 1 4 24 5.078000000000000048e-03 
1 1 5 5 8.548393557742575699e-02 
1 1 5 13 4.274200000000000221e-02 
1 1 5 14 -3.122000000000000209e-03 
1 1 5 15 -5.922000000000000181e-03 
1 1 5 16 -3.722000000000000048e-03 
1 1 5 17 -6.121999999999999838e-03 
1 1 5 18 -3.722000000000000048e-03 
1 1 5 19 -4.922000000000000160e-03 
1 1 5 20 -2.122000000000000188e-03 
1 1 5 21 -1.922000000000000097e-03 
1 1 5 22 -2.722000000000000027e-03 
1 1 5 23 -3.722000000000000048e-03 
1 1 5 24 -4.721999999999999635e-03 
1 1 6 6 1.477163087082943582e-01 
1 1 6 13 -7.385799999999999310e-02 
1 1 6 14 8.677999999999999950e-03 
1 1 6 15 5.078000000000000048e-03 
1 1 6 16 7.277999999999999747e-03 
1 1 6 17 6.478000000000000251e-03 
1 1 6 18 8.477999999999999425e-03 
1 1 6 19 6.078000000000000069e-03 
1 1 6 20 7.277999999999999747e-03 
1 1 6 21 8.278000000000000635e-03 
1 1 6 22 7.677999999999999929e-03 
1 1 6 23 1.877999999999999895e-03 
1 1 6 24 6.677999999999999908e-03 
1 1 7 7 5.508376805007117460e-02 
1 1 7 13 2.754200000000000051e-02 
1 1 7 14 4.780000000000000178e-04 
1 1 7 15 -3.521999999999999957e-03 
1 1 7 16 -4.521999999999999978e-03 
1 1 7 17 -1.922000000000000097e-03 
1 1 7 18 -3.722000000000000048e-03 
1 1 7 19 -5.121999999999999817e-03 
1 1 7 20 -3.321999999999999866e-03 
1 1 7 21 -5.220000000000000031e-04 
1 1 7 22 -5.220000000000000031e-04 
1 1 7 23 -2.922000000000000118e-03 
1 1 7 24 -1.922000000000000097e-03 
1 1 8 8 2.181166883399056067e-01 
1 1 8 13 -1.090580000000000022e-01 
1 1 8 14 8.278000000000000635e-03 
1 1 8 15 1.087800000000000052e-02 
1 1 8 16 1.327799999999999987e-02 
1 1 8 17 1.327799999999999987e-02 
1 1 8 18 7.277999999999999747e-03 
1 1 8 19 8.878000000000000475e-03 
1 1 8 20 1.227800000000000072e-02 
1 1 8 21 6.677999999999999908e-03 
1 1 8 22 9.678000000000000838e-03 
1 1 8 23 1.007800000000000015e-02 
1 1 8 24 8.477999999999999425e-03 
1 1 9 9 3.348366925710524050e-02 
1 1 9 13 1.674199999999999994e-02 
1 1 9 14 -2.722000000000000027e-03 
1 1 9 15 -7.219999999999999855e-04 
1 1 9 16 2.877999999999999916e-03 
1 1 9 17 -3.220000000000000206e-04 
1 1 9 18 -2.521999999999999936e-03 
1 1 9 19 -3.722000000000000048e-03 
1 1 9 20 1.678000000000000021e-03 
1 1 9 21 -1.219999999999999974e-04 
1 1 9 22 -3.922000000000000139e-03 
1 1 9 23 -2.722000000000000027e-03 
1 1 9 24 -4.521999999999999978e-03 
1 1 10 10 1.430842702033321701e-01 
1 1 10 13 7.154199999999999449e-02 
1 1 10 14 -8.522000000000000061e-03 
1 1 10 15 -4.322000000000000321e-03 
1 1 10 16 -8.321999999999999537e-03 
1 1 10 17 -7.721999999999999698e-03 
1 1 10 18 -6.721999999999999677e-03 
1 1 10 19 -5.521999999999999999e-03 
1 1 10 20 -9.922000000000000264e-03 
1 1 10 21 -5.121999999999999817e-03 
1 1 10 22 -6.721999999999999677e-03 
1 1 10 23 -2.722000000000000027e-03 
1 1 10 24 -5.922000000000000181e-03 
1 1 11 11 6.931585153834866897e-02 
1 1 11 13 -3.465800000000000131e-02 
1 1 11 14 3.677999999999999846e-03 
1 1 11 15 3.478000000000000189e-03 
1 1 11 16 5.478000000000000230e-03 
1 1 11 17 -5.220000000000000031e-04 
1 1 11 18 3.877999999999999937e-03 
1 1 11 19 4.677999999999999867e-03 
1 1 11 20 4.878000000000000391e-03 
1 1 11 21 2.278000000000000077e-03 
1 1 11 22 6.780000000000000002e-04 
1 1 11 23 3.078000000000000007e-03 
1 1 11 24 3.078000000000000007e-03 
1 1 12 12 1.338842311570485610e-01 
1 1 12 13 6.694200000000000150e-02 
1 1 12 14 -9.521999999999999215e-03 
1 1 12 15 -6.322000000000000362e-03 
1 1 12 16 -4.521999999999999978e-03 
1 1 12 17 -5.121999999999999817e-03 
1 1 12 18 -5.121999999999999817e-03 
1 1 12 19 -5.322000000000000342e-03 
1 1 12 20 -6.322000000000000362e-03 
1 1 12 21 -6.322000000000000362e-03 
1 1 12 22 -6.322000000000000362e-03 
1 1 12 23 -6.322000000000000362e-03 
1 1 12 24 -5.721999999999999656e-03 
1 1 13 13 5.597168127012078775e-01 
1 1 14 14 5.346340282563764867e-02 
1 1 15 15 5.626425600401931126e-02 
1 1 16 16 4.346329575897356357e-02 
1 1 17 17 5.266406474648067937e-02 
1 1 18 18 5.226387003976418200e-02 
1 1 19 19 5.786342236117743981e-02 
1 1 20 20 5.426371322427170352e-02 
1 1 21 21 3.626323127562926935e-02 
1 1 22 22 5.306448696946335086e-02 
1 1 23 23 4.666344519504104366e-02 
1 1 24 24 5.346414575043183237e-02 
2 1 1 1 1.000000000000001776e+00 
2 1 1 2 9.999998321781561339e-01 
2 1 1 3 -9.999998893960261315e-01 
2 1 1 4 9.999998866234672823e-01 
2 1 1 5 -9.999998870378700166e-01 
2 1 1 6 9.999998904873030892e-01 
2 1 1 7 -9.999998803159698690e-01 
2 1 1 8 9.999998922269488499e-01 
2 1 1 9 -9.999998744852819366e-01 
2 1 1 10 -9.999998903092722768e-01 
2 1 1 11 9.999998822019608991e-01 
2 1 1 12 -9.999998895268807919e-01 
2 1 1 13 9.999998952313663425e-01 
2 1 1 14 -9.999998706652160063e-01 
2 1 1 15 -9.999998951921726942e-01 
2 1 1 16 -9.999998669818984665e-01 
2 1 1 17 -9.999998904469988847e-01 
2 1 1 18 -9.999998839129969896e-01 
2 1 1 19 -9.999998677019941162e-01 
2 1 1 20 -9.999998808478960388e-01 
2 1 1 21 -9.999998570304698964e-01 
2 1 1 22 -9.999999084519000103e-01 
2 1 1 23 -9.999998628108566212e-01 
2 1 1 24 -9.999998922369454091e-01 
2 1 2 2 9.999999999999871214e-01 
2 1 2 3 -9.999999413982563201e-01 
2 1 2 4 9.999999414784173091e-01 
2 1 2 5 -9.999999397553870351e-01 
2 1 2 6 9.999999427353248871e-01 
2 1 2 7 -9.999999348006632927e-01 
2 1 2 8 9.999999449365295501e-01 
2 1 2 9 -9.999999261872429823e-01 
2 1 2 10 -9.999999426800472158e-01 
2 1 2 11 9.999999372734112990e-01 
2 1 2 12 -9.999999427550159137e-01 
2 1 2 13 9.999999479508578926e-01 
2 1 2 14 -9.999999340597256481e-01 
2 1 2 15 -9.999999357193163352e-01 
2 1 2 16 -9.999999233901946116e-01 
2 1 2 17 -9.999999357759008500e-01 
2 1 2 18 -9.999999336085656498e-01 
2 1 2 19 -9.999999414555865718e-01 
2 1 2 20 -9.999999338648569713e-01 
2 1 2 21 -9.999999226633150551e-01 
2 1 2 22 -9.999999263931577120e-01 
2 1 2 23 -9.999999419971620229e-01 
2 1 2 24 -9.999999340605462139e-01 
2 1 3 3 9.999999999999906741e-01 
2 1 3 4 -9.999999858098940209e-01 
2 1 3 5 9.999999846180781526e-01 
2 1 3 6 -9.999999882210770519e-01 
2 1 3 7 9.999999798093381909e-01 
2 1 3 8 -9.999999898658287201e-01 
2 1 3 9 9.999999706184798942e-01 
2 1 3 10 9.999999880681696984e-01 
2 1 3 11 -9.999999825378613760e-01 
2 1 3 12 9.999999877322413022e-01 
2 1 3 13 -9.999999925952564039e-01 
2 1 3 14 9.999999794157633515e-01 
2 1 3 15 9.999999809265029960e-01 
2 1 3 16 9.999999760538661464e-01 
2 1 3 17 9.999999797012729674e-01 
2 1 3 18 9.999999796373859606e-01 
2 1 3 19 9.999999802883823286e-01 
2 1 3 20 9.999999807164002830e-01 
2 1 3 21 9.999999733706173011e-01 
2 1 3 22 9.999999784116359036e-01 
2 1 3 23 9.999999773393086766e-01 
2 1 3 24 9.999999795450429385e-01 
2 1 4 4 9.999999999999776845e-01 
2 1 4 5 -9.999999839939204271e-01 
2 1 4 6 9.999999876035500224e-01 
2 1 4 7 -9.999999791122524684e-01 
2 1 4 8 9.999999891852403566e-01 
2 1 4 9 -9.999999703969373321e-01 
2 1 4 10 -9.999999874061030747e-01 
2 1 4 11 9.999999819318190486e-01 
2 1 4 12 -9.999999871583651334e-01 
2 1 4 13 9.999999919948273641e-01 
2 1 4 14 -9.999999802044978736e-01 
2 1 4 15 -9.999999794395402208e-01 
2 1 4 16 -9.999999742356509014e-01 
2 1 4 17 -9.999999785300690558e-01 
2 1 4 18 -9.999999793525199410e-01 
2 1 4 19 -9.999999809685157226e-01 
2 1 4 20 -9.999999788849293081e-01 
2 1 4 21 -9.999999731695142779e-01 
2 1 4 22 -9.999999769328739019e-01 
2 1 4 23 -9.999999773907748413e-01 
2 1 4 24 -9.999999792568244894e-01 
2 1 5 5 1.000000000000004885e+00 
2 1 5 6 -9.999999863658679544e-01 
2 1 5 7 9.999999779945647482e-01 
2 1 5 8 -9.999999880358263482e-01 
2 1 5 9 9.999999688274405774e-01 
2 1 5 10 9.999999862123510885e-01 
2 1 5 11 -9.999999806750482501e-01 
2 1 5 12 9.999999858760111326e-01 
2 1 5 13 -9.999999907736732974e-01 
2 1 5 14 9.999999777161838743e-01 
2 1 5 15 9.999999791252023318e-01 
2 1 5 16 9.999999745294610998e-01 
2 1 5 17 9.999999785319176882e-01 
2 1 5 18 9.999999778861560218e-01 
2 1 5 19 9.999999789078295453e-01 
2 1 5 20 9.999999777459542827e-01 
2 1 5 21 9.999999708468204629e-01 
2 1 5 22 9.999999758018670581e-01 
2 1 5 23 9.999999754538784202e-01 
2 1 5 24 9.999999782198191189e-01 
2 1 6 6 9.999999999999953371e-01 
2 1 6 7 -9.999999815431463990e-01 
2 1 6 8 9.999999916149067136e-01 
2 1 6 9 -9.999999723829781084e-01 
2 1 6 10 -9.999999898884688321e-01 
2 1 6 11 9.999999843543512235e-01 
2 1 6 12 -9.999999895195975652e-01 
2 1 6 13 9.999999943533053326e-01 
2 1 6 14 -9.999999820321915367e-01 
2 1 6 15 -9.999999817734335217e-01 
2 1 6 16 -9.999999784967853467e-01 
2 1 6 17 -9.999999813373273705e-01 
2 1 6 18 -9.999999819082320274e-01 
2 1 6 19 -9.999999821339917716e-01 
2 1 6 20 -9.999999820676893636e-01 
2 1 6 21 -9.999999760074399502e-01 
2 1 6 22 -9.999999799258636468e-01 
2 1 6 23 -9.999999781089747852e-01 
2 1 6 24 -9.999999815287212712e-01 
2 1 7 7 9.999999999999781286e-01 
2 1 7 8 -9.999999832704555836e-01 
2 1 7 9 9.999999636337891795e-01 
2 1 7 10 9.999999814182295443e-01 
2 1 7 11 -9.999999760049165243e-01 
2 1 7 12 9.999999810218792584e-01 
2 1 7 13 -9.999999860007653396e-01 
2 1 7 14 9.999999716018921347e-01 
2 1 7 15 9.999999741070305648e-01 
2 1 7 16 9.999999710047982049e-01 
2 1 7 17 9.999999726197819072e-01 
2 1 7 18 9.999999736867472011e-01 
2 1 7 19 9.999999749767451984e-01 
2 1 7 20 9.999999738709249852e-01 
2 1 7 21 9.999999654278783900e-01 
2 1 7 22 9.999999701949003894e-01 
2 1 7 23 9.999999709058911002e-01 
2 1 7 24 9.999999727505262115e-01 
2 1 8 8 9.999999999999902300e-01 
2 1 8 9 -9.999999739412420707e-01 
2 1 8 10 -9.999999914821913194e-01 
2 1 8 11 9.999999859866471885e-01 
2 1 8 12 -9.999999911182543277e-01 
2 1 8 13 9.999999959665959448e-01 
2 1 8 14 -9.999999830961295855e-01 
2 1 8 15 -9.999999838121899076e-01 
2 1 8 16 -9.999999805340202830e-01 
2 1 8 17 -9.999999834539554655e-01 
2 1 8 18 -9.999999828614685171e-01 
2 1 8 19 -9.999999838068048819e-01 
2 1 8 20 -9.999999839006056268e-01 
2 1 8 21 -9.999999766204823448e-01 
2 1 8 22 -9.999999812889678319e-01 
2 1 8 23 -9.999999808779638233e-01 
2 1 8 24 -9.999999829720316313e-01 
2 1 9 9 9.999999999999836797e-01 
2 1 9 10 9.999999721215065973e-01 
2 1 9 11 -9.999999664417310585e-01 
2 1 9 12 9.999999719823738920e-01 
2 1 9 13 -9.999999769221437074e-01 
2 1 9 14 9.999999647656409030e-01 
2 1 9 15 9.999999640767252007e-01 
2 1 9 16 9.999999555581335908e-01 
2 1 9 17 9.999999629096435472e-01 
2 1 9 18 9.999999648082290582e-01 
2 1 9 19 9.999999660916659705e-01 
2 1 9 20 9.999999615285516397e-01 
2 1 9 21 9.999999555624125014e-01 
2 1 9 22 9.999999646380997032e-01 
2 1 9 23 9.999999624359902084e-01 
2 1 9 24 9.999999666665887466e-01 
2 1 10 10 1.000000000000011546e+00 
2 1 10 11 -9.999999842074741574e-01 
2 1 10 12 9.999999893513552562e-01 
2 1 10 13 -9.999999941976588369e-01 
2 1 10 14 9.999999818854856670e-01 
2 1 10 15 9.999999815117667223e-01 
2 1 10 16 9.999999786470915586e-01 
2 1 10 17 9.999999814677522636e-01 
2 1 10 18 9.999999814533271358e-01 
2 1 10 19 9.999999819105576115e-01 
2 1 10 20 9.999999824608649668e-01 
2 1 10 21 9.999999750195407433e-01 
2 1 10 22 9.999999796188587808e-01 
2 1 10 23 9.999999781541636379e-01 
2 1 10 24 9.999999812587705428e-01 
2 1 11 11 9.999999999999924505e-01 
2 1 11 12 -9.999999838475166491e-01 
2 1 11 13 9.999999887366705087e-01 
2 1 11 14 -9.999999761597250236e-01 
2 1 11 15 -9.999999764213038933e-01 
2 1 11 16 -9.999999737663820554e-01 
2 1 11 17 -9.999999741347097570e-01 
2 1 11 18 -9.999999761213541616e-01 
2 1 11 19 -9.999999771629106693e-01 
2 1 11 20 -9.999999769214910073e-01 
2 1 11 21 -9.999999693074635987e-01 
2 1 11 22 -9.999999728329145299e-01 
2 1 11 23 -9.999999734631292991e-01 
2 1 11 24 -9.999999757198655415e-01 
2 1 12 12 9.999999999999988898e-01 
2 1 12 13 -9.999999938638349795e-01 
2 1 12 14 9.999999818849782951e-01 
2 1 12 15 9.999999815960203264e-01 
2 1 12 16 9.999999774241754569e-01 
2 1 12 17 9.999999806726250773e-01 
2 1 12 18 9.999999808622563879e-01 
2 1 12 19 9.999999816548800213e-01 
2 1 12 20 9.999999814958198119e-01 
2 1 12 21 9.999999751363097822e-01 
2 1 12 22 9.999999792267447729e-01 
2 1 12 23 9.999999787738981238e-01 
2 1 12 24 9.999999809511063154e-01 
2 1 13 13 9.999999999999672484e-01 
2 1 13 14 -9.999999848512004519e-01 
2 1 13 15 -9.999999852478992368e-01 
2 1 13 16 -9.999999812355320206e-01 
2 1 13 17 -9.999999845006734001e-01 
2 1 13 18 -9.999999846906791889e-01 
2 1 13 19 -9.999999855825638662e-01 
2 1 13 20 -9.999999851253430494e-01 
2 1 13 21 -9.999999781924394648e-01 
2 1 13 22 -9.999999827908310213e-01 
2 1 13 23 -9.999999822471482558e-01 
2 1 13 24 -9.999999846652827262e-01 
2 1 14 14 9.999999999999886757e-01 
2 1 14 15 9.999999718924696968e-01 
2 1 14 16 9.999999684006012357e-01 
2 1 14 17 9.999999712806304508e-01 
2 1 14 18 9.999999717810355016e-01 
2 1 14 19 9.999999731726079144e-01 
2 1 14 20 9.999999722143347869e-01 
2 1 14 21 9.999999658792437796e-01 
2 1 14 22 9.999999690652499051e-01 
2 1 14 23 9.999999697730622694e-01 
2 1 14 24 9.999999715592616800e-01 
2 1 15 15 9.999999999999844569e-01 
2 1 15 16 9.999999684176861248e-01 
2 1 15 17 9.999999728858225412e-01 
2 1 15 18 9.999999725995685207e-01 
2 1 15 19 9.999999725578844201e-01 
2 1 15 20 9.999999728915058839e-01 
2 1 15 21 9.999999648500151883e-01 
2 1 15 22 9.999999721941645880e-01 
2 1 15 23 9.999999692087122583e-01 
2 1 15 24 9.999999730548124743e-01 
2 1 16 16 9.999999999999766853e-01 
2 1 16 17 9.999999677210110738e-01 
2 1 16 18 9.999999680881008768e-01 
2 1 16 19 9.999999688520564423e-01 
2 1 16 20 9.999999691709904326e-01 
2 1 16 21 9.999999623335843468e-01 
2 1 16 22 9.999999654749236466e-01 
2 1 16 23 9.999999651627695663e-01 
2 1 16 24 9.999999675603737925e-01 
2 1 17 17 1.000000000000022427e+00 
2 1 17 18 9.999999717159313573e-01 
2 1 17 19 9.999999719122183439e-01 
2 1 17 20 9.999999721104660955e-01 
2 1 17 21 9.999999642797231525e-01 
2 1 17 22 9.999999709953356630e-01 
2 1 17 23 9.999999686044075409e-01 
2 1 17 24 9.999999720837046135e-01 
2 1 18 18 9.999999999999651390e-01 
2 1 18 19 9.999999724677600677e-01 
2 1 18 20 9.999999721876936531e-01 
2 1 18 21 9.999999649148788583e-01 
2 1 18 22 9.999999704752250418e-01 
2 1 18 23 9.999999689479656118e-01 
2 1 18 24 9.999999720538679249e-01 
2 1 19 19 1.000000000000000222e+00 
2 1 19 20 9.999999728277219058e-01 
2 1 19 21 9.999999662893712671e-01 
2 1 19 22 9.999999688568889100e-01 
2 1 19 23 9.999999714865055456e-01 
2 1 19 24 9.999999721087591276e-01 
2 1 20 20 9.999999999999793499e-01 
2 1 20 21 9.999999656420666128e-01 
2 1 20 22 9.999999703549129482e-01 
2 1 20 23 9.999999694162490238e-01 
2 1 20 24 9.999999720581008722e-01 
2 1 21 21 1.000000000000006217e+00 
2 1 21 22 9.999999617877701752e-01 
2 1 21 23 9.999999627134963376e-01 
2 1 21 24 9.999999643844807995e-01 
2 1 22 22 9.999999999999953371e-01 
2 1 22 23 9.999999651690135716e-01 
2 1 22 24 9.999999715573674175e-01 
2 1 23 23 9.999999999999745759e-01 
2 1 23 24 9.999999686424679846e-01 
2 1 24 24 9.999999999999977796e-01 
