2.411385521640669119e-02 1.240623291729921369e-02 8.983762613754570775e-03 4.742419469895052010e-03 1.580560794373830208e-02 1.159347398754686023e-02 1.802590986110678972e-02 1.260488673825456256e-02 1.559266680746881732e-02 7.767368214327143895e-03 1.223146810054795246e-02 8.673031599294538790e-03 4.711249752214097947e-02 1.251862080214074385e-02 4.447872111201791982e-03 7.304018615423382189e-03 1.069841590981025423e-02 6.912409031734564197e-03 1.242688803661268909e-02 8.284812870233731336e-03 1.435612516907572647e-02 5.426083932805534152e-03 9.960061922380785554e-03 1.309290594129059772e-02 
1 1 1 1 2.411385523775350440e-02 
1 1 1 13 8.279999999999999600e-04 
1 1 1 14 -5.800000000000000034e-05 
1 1 1 15 7.420000000000000380e-04 
1 1 1 16 -3.057999999999999954e-03 
1 1 1 17 -3.857999999999999884e-03 
1 1 1 18 3.420000000000000188e-04 
1 1 1 19 -8.580000000000000387e-04 
1 1 1 20 3.420000000000000188e-04 
1 1 1 21 6.542000000000000072e-03 
1 1 1 22 3.542000000000000010e-03 
1 1 1 23 2.541999999999999989e-03 
1 1 1 24 -7.058000000000000038e-03 
1 1 2 2 1.240623293864602864e-02 
1 1 2 13 1.742000000000000059e-03 
1 1 2 14 -2.321999999999999845e-03 
1 1 2 15 -3.122000000000000209e-03 
1 1 2 16 2.677999999999999825e-03 
1 1 2 17 4.780000000000000178e-04 
1 1 2 18 -1.121999999999999950e-03 
1 1 2 19 -1.121999999999999950e-03 
1 1 2 20 1.278000000000000056e-03 
1 1 2 21 -3.220000000000000206e-04 
1 1 2 22 8.779999999999999827e-04 
1 1 2 23 -2.521999999999999936e-03 
1 1 2 24 3.478000000000000189e-03 
1 1 3 3 8.983762635101385716e-03 
1 1 3 13 -6.579999999999999478e-04 
1 1 3 14 4.780000000000000178e-04 
1 1 3 15 -9.219999999999999680e-04 
1 1 3 16 -5.220000000000000031e-04 
1 1 3 17 2.478000000000000168e-03 
1 1 3 18 8.779999999999999827e-04 
1 1 3 19 4.780000000000000178e-04 
1 1 3 20 -1.219999999999999974e-04 
1 1 3 21 -3.722000000000000048e-03 
1 1 3 22 7.799999999999999859e-05 
1 1 3 23 -1.219999999999999974e-04 
1 1 3 24 1.678000000000000021e-03 
1 1 4 4 4.742419491241866951e-03 
1 1 4 13 3.420000000000000188e-04 
1 1 4 14 -3.220000000000000206e-04 
1 1 4 15 1.077999999999999965e-03 
1 1 4 16 1.077999999999999965e-03 
1 1 4 17 -3.220000000000000206e-04 
1 1 4 18 3.078000000000000007e-03 
1 1 4 19 6.780000000000000002e-04 
1 1 4 20 -1.521999999999999915e-03 
1 1 4 21 4.780000000000000178e-04 
1 1 4 22 -9.219999999999999680e-04 
1 1 4 23 -3.521999999999999957e-03 
1 1 4 24 -1.219999999999999974e-04 
1 1 5 5 1.580560796508511529e-02 
1 1 5 13 -6.058000000000000017e-03 
1 1 5 14 1.877999999999999895e-03 
1 1 5 15 6.780000000000000002e-04 
1 1 5 16 -9.219999999999999680e-04 
1 1 5 17 3.278000000000000098e-03 
1 1 5 18 7.799999999999999859e-05 
1 1 5 19 8.779999999999999827e-04 
1 1 5 20 2.278000000000000077e-03 
1 1 5 21 -1.322000000000000041e-03 
1 1 5 22 -1.322000000000000041e-03 
1 1 5 23 6.780000000000000002e-04 
1 1 5 24 -1.219999999999999974e-04 
1 1 6 6 1.159347400889367517e-02 
1 1 6 13 -5.057999999999999996e-03 
1 1 6 14 2.077999999999999986e-03 
1 1 6 15 -1.322000000000000041e-03 
1 1 6 16 -1.322000000000000041e-03 
1 1 6 17 3.078000000000000007e-03 
1 1 6 18 2.779999999999999811e-04 
1 1 6 19 6.780000000000000002e-04 
1 1 6 20 -1.219999999999999974e-04 
1 1 6 21 -1.521999999999999915e-03 
1 1 6 22 1.077999999999999965e-03 
1 1 6 23 8.779999999999999827e-04 
1 1 6 24 1.278000000000000056e-03 
1 1 7 7 1.802590988245360293e-02 
1 1 7 13 1.094200000000000034e-02 
1 1 7 14 -7.219999999999999855e-04 
1 1 7 15 4.780000000000000178e-04 
1 1 7 16 -5.220000000000000031e-04 
1 1 7 17 -1.922000000000000097e-03 
1 1 7 18 -1.322000000000000041e-03 
1 1 7 19 -3.722000000000000048e-03 
1 1 7 20 -7.219999999999999855e-04 
1 1 7 21 -1.322000000000000041e-03 
1 1 7 22 -1.121999999999999950e-03 
1 1 7 23 -1.521999999999999915e-03 
1 1 7 24 1.477999999999999930e-03 
1 1 8 8 1.260488675960137750e-02 
1 1 8 13 -9.858000000000000443e-03 
1 1 8 14 1.877999999999999895e-03 
1 1 8 15 1.278000000000000056e-03 
1 1 8 16 3.278000000000000098e-03 
1 1 8 17 1.678000000000000021e-03 
1 1 8 18 -3.220000000000000206e-04 
1 1 8 19 1.477999999999999930e-03 
1 1 8 20 -7.219999999999999855e-04 
1 1 8 21 1.278000000000000056e-03 
1 1 8 22 8.779999999999999827e-04 
1 1 8 23 -9.219999999999999680e-04 
1 1 8 24 7.799999999999999859e-05 
1 1 9 9 1.559266682881563226e-02 
1 1 9 13 6.942000000000000254e-03 
1 1 9 14 -2.321999999999999845e-03 
1 1 9 15 -1.121999999999999950e-03 
1 1 9 16 1.278000000000000056e-03 
1 1 9 17 -1.219999999999999974e-04 
1 1 9 18 -2.321999999999999845e-03 
1 1 9 19 2.779999999999999811e-04 
1 1 9 20 -2.321999999999999845e-03 
1 1 9 21 1.077999999999999965e-03 
1 1 9 22 -2.521999999999999936e-03 
1 1 9 23 6.780000000000000002e-04 
1 1 9 24 4.780000000000000178e-04 
1 1 10 10 7.767368235673958836e-03 
1 1 10 13 -1.057999999999999913e-03 
1 1 10 14 7.799999999999999859e-05 
1 1 10 15 1.678000000000000021e-03 
1 1 10 16 -3.220000000000000206e-04 
1 1 10 17 -3.321999999999999866e-03 
1 1 10 18 6.780000000000000002e-04 
1 1 10 19 8.779999999999999827e-04 
1 1 10 20 2.478000000000000168e-03 
1 1 10 21 -2.922000000000000118e-03 
1 1 10 22 -2.521999999999999936e-03 
1 1 10 23 2.278000000000000077e-03 
1 1 10 24 2.077999999999999986e-03 
1 1 11 11 1.223146812189476740e-02 
1 1 11 13 4.342000000000000373e-03 
1 1 11 14 -1.322000000000000041e-03 
1 1 11 15 4.780000000000000178e-04 
1 1 11 16 -5.220000000000000031e-04 
1 1 11 17 7.799999999999999859e-05 
1 1 11 18 -9.219999999999999680e-04 
1 1 11 19 -2.122000000000000188e-03 
1 1 11 20 -1.722000000000000006e-03 
1 1 11 21 1.877999999999999895e-03 
1 1 11 22 8.779999999999999827e-04 
1 1 11 23 4.780000000000000178e-04 
1 1 11 24 -1.521999999999999915e-03 
1 1 12 12 8.673031620641353731e-03 
1 1 12 13 -2.458000000000000115e-03 
1 1 12 14 6.780000000000000002e-04 
1 1 12 15 7.799999999999999859e-05 
1 1 12 16 -1.121999999999999950e-03 
1 1 12 17 -1.521999999999999915e-03 
1 1 12 18 6.780000000000000002e-04 
1 1 12 19 2.478000000000000168e-03 
1 1 12 20 8.779999999999999827e-04 
1 1 12 21 -1.219999999999999974e-04 
1 1 12 22 1.077999999999999965e-03 
1 1 12 23 1.077999999999999965e-03 
1 1 12 24 -1.722000000000000006e-03 
1 1 13 13 4.711249754348779267e-02 
1 1 14 14 1.251862082348755879e-02 
1 1 15 15 4.447872132548606923e-03 
1 1 16 16 7.304018636770197130e-03 
1 1 17 17 1.069841593115706743e-02 
1 1 18 18 6.912409053081379137e-03 
1 1 19 19 1.242688805795950403e-02 
1 1 20 20 8.284812891580546276e-03 
1 1 21 21 1.435612519042254141e-02 
1 1 22 22 5.426083954152349093e-03 
1 1 23 23 9.960061943727600495e-03 
1 1 24 24 1.309290596263741092e-02 
2 1 1 1 1.000000000000024203e+00 
2 1 1 2 -5.151409212228452716e-01 
2 1 1 3 -8.699492128803806290e-01 
2 1 1 4 -9.192537752967095965e-01 
2 1 1 5 -4.311436496678671682e-01 
2 1 1 6 -4.662397515894910471e-01 
2 1 1 7 1.930977579710388137e-01 
2 1 1 8 -5.052437822164345116e-01 
2 1 1 9 1.037265676494339428e-01 
2 1 1 10 -4.371554534221054888e-01 
2 1 1 11 6.629609275492801546e-01 
2 1 1 12 3.719204045371877210e-01 
2 1 1 13 -3.268621176229857261e-01 
2 1 1 14 2.194894424448330661e-01 
2 1 1 15 -3.210574296986613563e-01 
2 1 1 16 8.498858941811583412e-01 
2 1 1 17 8.511511484799667571e-01 
2 1 1 18 5.534131370643872172e-01 
2 1 1 19 3.475844039840926269e-01 
2 1 1 20 1.991866180016523269e-01 
2 1 1 21 -8.688921840403280861e-01 
2 1 1 22 -9.399674942931751653e-01 
2 1 1 23 -6.473450442579898878e-01 
2 1 1 24 9.931182734462651318e-01 
2 1 2 2 1.000000000000013989e+00 
2 1 2 3 2.547235209732305258e-02 
2 1 2 4 8.109577943168341241e-01 
2 1 2 5 -5.512522092753007197e-01 
2 1 2 6 -5.180663551612563200e-01 
2 1 2 7 7.415017686962745991e-01 
2 1 2 8 -4.793902466954295671e-01 
2 1 2 9 7.990483107717462063e-01 
2 1 2 10 -5.456719349248151385e-01 
2 1 2 11 3.001571215837374185e-01 
2 1 2 12 -9.872121012161061415e-01 
2 1 2 13 -6.416463565462736662e-01 
2 1 2 14 7.231368491516031449e-01 
2 1 2 15 9.771198781365429964e-01 
2 1 2 16 -8.894770646332642583e-01 
2 1 2 17 1.144953195917058561e-02 
2 1 2 18 4.288032769695492852e-01 
2 1 2 19 6.246088745359258398e-01 
2 1 2 20 7.373212299487674759e-01 
2 1 2 21 2.333354372993513837e-02 
2 1 2 22 7.767147977981772033e-01 
2 1 2 23 9.867571863297919244e-01 
2 1 2 24 -6.119763211258631985e-01 
2 1 3 3 9.999999999999983347e-01 
2 1 3 4 6.055715377353385609e-01 
2 1 3 5 8.200262260114256074e-01 
2 1 3 6 8.418664922832769237e-01 
2 1 3 7 -6.518453745000443167e-01 
2 1 3 8 8.651058443454178182e-01 
2 1 3 9 -5.807180531036497673e-01 
2 1 3 10 8.238273482661928604e-01 
2 1 3 11 -9.459345295984263879e-01 
2 1 3 12 1.342137376693014472e-01 
2 1 3 13 7.504074841523241668e-01 
2 1 3 14 -6.720606412962060183e-01 
2 1 3 15 -1.877305352172706776e-01 
2 1 3 16 -4.794885236659037209e-01 
2 1 3 17 -9.993183229028896886e-01 
2 1 3 18 -8.921820764366794609e-01 
2 1 3 19 -7.647740602719309555e-01 
2 1 3 20 -6.565417435178878547e-01 
2 1 3 21 9.999976895055098236e-01 
2 1 3 22 6.494326827930079205e-01 
2 1 3 23 1.872864832078146302e-01 
2 1 3 24 -8.062079137112213578e-01 
2 1 4 4 9.999999999999973355e-01 
2 1 4 5 4.113291332199871947e-02 
2 1 4 6 8.033343003423297490e-02 
2 1 4 7 2.087503564638263087e-01 
2 1 4 8 1.247234372164939264e-01 
2 1 4 9 2.961906301467521763e-01 
2 1 4 10 4.779989475904193597e-02 
2 1 4 11 -3.147103436276478816e-01 
2 1 4 12 -7.073146890327657310e-01 
2 1 4 13 -7.157270480137571667e-02 
2 1 4 14 1.822990964829853677e-01 
2 1 4 15 6.679575686173451210e-01 
2 1 4 16 -9.887093051687831924e-01 
2 1 4 17 -5.757809249931162832e-01 
2 1 4 18 -1.808408037197032914e-01 
2 1 4 19 4.960134030746619904e-02 
2 1 4 20 2.026737275215446665e-01 
2 1 4 21 6.038676086547756228e-01 
2 1 4 22 9.984123858695000964e-01 
2 1 4 23 8.951248912988079010e-01 
2 1 4 24 -9.590320580810405282e-01 
2 1 5 5 1.000000000000008438e+00 
2 1 5 6 9.992287899608702784e-01 
2 1 5 7 -9.685547529450349025e-01 
2 1 5 8 9.964820511137331138e-01 
2 1 5 9 -9.421372831147982740e-01 
2 1 5 10 9.999776626023750836e-01 
2 1 5 11 -9.613293749239028019e-01 
2 1 5 12 6.772065233128511386e-01 
2 1 5 13 9.936472323955506392e-01 
2 1 5 14 -9.749124726375706373e-01 
2 1 5 15 -7.160942288974420089e-01 
2 1 5 16 1.090503506231004088e-01 
2 1 5 17 -8.405955267327278602e-01 
2 1 5 18 -9.901184873177877321e-01 
2 1 5 19 -9.958835520719171441e-01 
2 1 5 20 -9.700809847665334829e-01 
2 1 5 21 8.212488075636604767e-01 
2 1 5 22 9.734436215682709670e-02 
2 1 5 23 -4.086189518417685518e-01 
2 1 5 24 -3.225051601070416663e-01 
2 1 6 6 1.000000000000008216e+00 
2 1 6 7 -9.580385410121030620e-01 
2 1 6 8 9.990042617913372780e-01 
2 1 6 9 -9.282478489199883498e-01 
2 1 6 10 9.994684925967951550e-01 
2 1 6 11 -9.714017620024975042e-01 
2 1 6 12 6.477929894000662436e-01 
2 1 6 13 9.884620166019923992e-01 
2 1 6 14 -9.654205794954469066e-01 
2 1 6 15 -6.881344896637828779e-01 
2 1 6 16 6.993492936441873808e-02 
2 1 6 17 -8.612159577369452590e-01 
2 1 6 18 -9.948612165484275183e-01 
2 1 6 19 -9.915564388092301673e-01 
2 1 6 20 -9.597999206995583288e-01 
2 1 6 21 8.430191819250987262e-01 
2 1 6 22 1.363482680870026220e-01 
2 1 6 23 -3.724660120818676368e-01 
2 1 6 24 -3.594238946951182068e-01 
2 1 7 7 9.999999999999926725e-01 
2 1 7 8 -9.442964505293773847e-01 
2 1 7 9 9.959162459180544991e-01 
2 1 7 10 -9.668727317440957147e-01 
2 1 7 11 8.625802199625728361e-01 
2 1 7 12 -8.389772196735657550e-01 
2 1 7 13 -9.904016654853009527e-01 
2 1 7 14 9.996362397621890716e-01 
2 1 7 15 8.672400491205637385e-01 
2 1 7 16 -3.529378685827417317e-01 
2 1 7 17 6.793967539267175004e-01 
2 1 7 18 9.240939727921004820e-01 
2 1 7 19 9.871194562428854402e-01 
2 1 7 20 9.999806828205072273e-01 
2 1 7 21 -6.534663223580584601e-01 
2 1 7 22 1.533354852920666700e-01 
2 1 7 23 6.228512392612771675e-01 
2 1 7 24 7.685745021430712143e-02 
2 1 8 8 1.000000000000006661e+00 
2 1 8 9 -9.107288155673692875e-01 
2 1 8 10 9.970190603968093201e-01 
2 1 8 11 -9.810277867599433987e-01 
2 1 8 12 6.131601964131792037e-01 
2 1 8 13 9.807201499695533675e-01 
2 1 8 14 -9.528285193328593916e-01 
2 1 8 15 -6.550780878454042222e-01 
2 1 8 16 2.536036816520054887e-02 
2 1 8 17 -8.830330805902349978e-01 
2 1 8 18 -9.983877091657293867e-01 
2 1 8 19 -9.847837778336934189e-01 
2 1 8 20 -9.463217113895230348e-01 
2 1 8 21 8.661769747865417646e-01 
2 1 8 22 1.804099931244954880e-01 
2 1 8 23 -3.306911594863169435e-01 
2 1 8 24 -4.006987750680209848e-01 
2 1 9 9 9.999999999999917843e-01 
2 1 9 10 -9.398790913679903047e-01 
2 1 9 11 8.133822872983152985e-01 
2 1 9 12 -8.846793754634689755e-01 
2 1 9 13 -9.738784540974881887e-01 
2 1 9 14 9.931191340385703281e-01 
2 1 9 15 9.086488841472273315e-01 
2 1 9 16 -4.359684170391944225e-01 
2 1 9 17 6.103761096603568248e-01 
2 1 9 18 8.858176709465497289e-01 
2 1 9 19 9.686445995425171374e-01 
2 1 9 20 9.953364283885678399e-01 
2 1 9 21 -5.824584488021710138e-01 
2 1 9 22 2.419234142203373905e-01 
2 1 9 23 6.909387419770395278e-01 
2 1 9 24 -1.347114400194529028e-02 
2 1 10 10 1.000000000000018874e+00 
2 1 10 11 -9.631458241119379426e-01 
2 1 10 12 6.722810680676745143e-01 
2 1 10 13 9.928740012383457936e-01 
2 1 10 14 -9.734052480222382675e-01 
2 1 10 15 -7.114201505403604520e-01 
2 1 10 16 1.024141922076446248e-01 
2 1 10 17 -8.441915082161279837e-01 
2 1 10 18 -9.910322485475443477e-01 
2 1 10 19 -9.952564224613856814e-01 
2 1 10 20 -9.684391472729071415e-01 
2 1 10 21 8.250382216721835471e-01 
2 1 10 22 1.039841156241630288e-01 
2 1 10 23 -4.025188842058707306e-01 
2 1 10 24 -3.288149319981261143e-01 
2 1 11 11 1.000000000000001776e+00 
2 1 11 12 -4.483802989532167382e-01 
2 1 11 13 -9.242287566573869073e-01 
2 1 11 14 8.759108807378840345e-01 
2 1 11 15 4.961714527867751023e-01 
2 1 11 16 1.689254206180665074e-01 
2 1 11 17 9.572638693130817167e-01 
2 1 11 18 9.904503216477759109e-01 
2 1 11 19 9.324093074404810055e-01 
2 1 11 20 8.657050694609412789e-01 
2 1 11 21 -9.466263138595457649e-01 
2 1 11 22 -3.676731997627485371e-01 
2 1 11 23 1.414573758854421603e-01 
2 1 11 24 5.707195317785855870e-01 
2 1 12 12 9.999999999999977796e-01 
2 1 12 13 7.557102289887009938e-01 
2 1 12 14 -8.239961484784289469e-01 
2 1 12 15 -9.985297741602876531e-01 
2 1 12 16 8.052544573756115209e-01 
2 1 12 17 -1.707047479080960883e-01 
2 1 12 18 -5.673323104019076801e-01 
2 1 12 19 -7.411123635812696397e-01 
2 1 12 20 -8.355820629007075784e-01 
2 1 12 21 1.363335125096107048e-01 
2 1 12 22 -6.663762335145124727e-01 
2 1 12 23 -9.482813753655707778e-01 
2 1 12 24 4.780752515093287247e-01 
2 1 13 13 1.000000000000000666e+00 
2 1 13 14 -9.937691101897910828e-01 
2 1 13 15 -7.900980773591009809e-01 
2 1 13 16 2.202259879080098737e-01 
2 1 13 17 -7.742968762493288581e-01 
2 1 13 18 -9.680467591940020711e-01 
2 1 13 19 -9.997577275040343547e-01 
2 1 13 20 -9.912408127265870394e-01 
2 1 13 21 7.518198800707285301e-01 
2 1 13 22 -1.527915074659979590e-02 
2 1 13 23 -5.087385291899949591e-01 
2 1 13 24 -2.139300326382531370e-01 
2 1 14 14 9.999999999999910072e-01 
2 1 14 15 8.534967600087557393e-01 
2 1 14 16 -3.275755710010507249e-01 
2 1 14 17 6.989390597389327775e-01 
2 1 14 18 9.340646424028281603e-01 
2 1 14 19 9.910751053852414616e-01 
2 1 14 20 9.997844154954338425e-01 
2 1 14 21 -6.736433470246112609e-01 
2 1 14 22 1.266291354147980608e-01 
2 1 14 23 6.015253588409652519e-01 
2 1 14 24 1.037192234475849267e-01 
2 1 15 15 9.999999999999874545e-01 
2 1 15 16 -7.719310874108318288e-01 
2 1 15 17 2.238626973085193761e-01 
2 1 15 18 6.111351191614988743e-01 
2 1 15 19 7.764146947537432508e-01 
2 1 15 20 8.641317019443993663e-01 
2 1 15 21 -1.898315268101638531e-01 
2 1 15 22 6.249806990981421340e-01 
2 1 15 23 9.296809921799612519e-01 
2 1 15 24 -4.297634996757376258e-01 
2 1 16 16 1.000000000000007772e+00 
2 1 16 17 4.467656745443627786e-01 
2 1 16 18 3.142385872088442750e-02 
2 1 16 19 -1.987025545158458140e-01 
2 1 16 20 -3.471212300384881599e-01 
2 1 16 21 -4.776099646781533647e-01 
2 1 16 22 -9.786997849282194073e-01 
2 1 16 23 -9.518219145265996994e-01 
2 1 16 24 9.057532510093163625e-01 
2 1 17 17 1.000000000000016653e+00 
2 1 17 18 9.082481978992994476e-01 
2 1 17 19 7.880379974874089921e-01 
2 1 17 20 6.839399345614149972e-01 
2 1 17 21 -9.993949970460246357e-01 
2 1 17 22 -6.209179425780122497e-01 
2 1 17 23 -1.508955454894135850e-01 
2 1 17 24 7.838173485931350104e-01 
2 1 18 18 1.000000000000012434e+00 
2 1 18 19 9.733317957269430609e-01 
2 1 18 20 9.264491605843017119e-01 
2 1 18 21 -8.931463685541943809e-01 
2 1 18 22 -2.359493929328005668e-01 
2 1 18 23 2.765898453616574826e-01 
2 1 18 24 4.520582827249817748e-01 
2 1 19 19 1.000000000000005107e+00 
2 1 19 20 9.880938222814843463e-01 
2 1 19 21 -7.661507478268558824e-01 
2 1 19 22 -6.732455784627318016e-03 
2 1 19 23 4.896660079306109359e-01 
2 1 19 24 2.353791030651492810e-01 
2 1 20 20 1.000000000000008438e+00 
2 1 20 21 -6.581540089093095292e-01 
2 1 20 22 1.471964773485262279e-01 
2 1 20 23 6.179813487083875012e-01 
2 1 20 24 8.304706003550180182e-02 
2 1 21 21 1.000000000000000888e+00 
2 1 21 22 6.478043583155886909e-01 
2 1 21 23 1.851844658022033796e-01 
2 1 21 24 -8.049403142158499946e-01 
2 1 22 22 9.999999999999901190e-01 
2 1 22 23 8.685935749145354823e-01 
2 1 22 24 -9.734662296784435398e-01 
2 1 23 23 1.000000000000010436e+00 
2 1 23 24 -7.321553778784390953e-01 
2 1 24 24 1.000000000000005551e+00 
