1.000002201987896377e+01 9.999989065103415120e-01 9.999989065114608389e-01 9.999989065130595600e-01 9.999989065131393851e-01 9.999989065115331144e-01 9.999989065109899933e-01 9.999989065112547815e-01 9.999989065129334387e-01 9.999989065113963349e-01 9.999989065144034850e-01 9.999989065096589469e-01 1.000002201986977823e+01 9.999989065111508646e-01 9.999989065115579834e-01 9.999989065095591378e-01 9.999989065113105147e-01 9.999989065109535780e-01 9.999989065109311515e-01 9.999989065110284070e-01 9.999989065104637476e-01 9.999989065099830210e-01 9.999989065111505315e-01 9.999989065125048926e-01 
1 1 1 1 1.000002202067599733e+01 
1 1 1 13 -9.991719999999999491e-01 
1 1 1 14 -8.182580000000000409e-01 
1 1 1 15 -8.182580000000000409e-01 
1 1 1 16 -8.182580000000000409e-01 
1 1 1 17 -8.182580000000000409e-01 
1 1 1 18 -8.182580000000000409e-01 
1 1 1 19 -8.182580000000000409e-01 
1 1 1 20 -8.182580000000000409e-01 
1 1 1 21 -8.182580000000000409e-01 
1 1 1 22 -8.182580000000000409e-01 
1 1 1 23 -8.182580000000000409e-01 
1 1 1 24 -8.182580000000000409e-01 
1 1 2 2 9.999989073073750623e-01 
1 1 2 13 -8.182580000000000409e-01 
1 1 2 14 -1.652199999999999849e-02 
1 1 2 15 -1.652199999999999849e-02 
1 1 2 16 -1.652199999999999849e-02 
1 1 2 17 -1.652199999999999849e-02 
1 1 2 18 -1.652199999999999849e-02 
1 1 2 19 -1.652199999999999849e-02 
1 1 2 20 -1.652199999999999849e-02 
1 1 2 21 -1.652199999999999849e-02 
1 1 2 22 -1.652199999999999849e-02 
1 1 2 23 -1.652199999999999849e-02 
1 1 2 24 -1.652199999999999849e-02 
1 1 3 3 9.999989073084943891e-01 
1 1 3 13 -8.182580000000000409e-01 
1 1 3 14 -1.652199999999999849e-02 
1 1 3 15 -1.652199999999999849e-02 
1 1 3 16 -1.652199999999999849e-02 
1 1 3 17 -1.652199999999999849e-02 
1 1 3 18 -1.652199999999999849e-02 
1 1 3 19 -1.652199999999999849e-02 
1 1 3 20 -1.652199999999999849e-02 
1 1 3 21 -1.652199999999999849e-02 
1 1 3 22 -1.652199999999999849e-02 
1 1 3 23 -1.652199999999999849e-02 
1 1 3 24 -1.652199999999999849e-02 
1 1 4 4 9.999989073100931103e-01 
1 1 4 13 -8.182580000000000409e-01 
1 1 4 14 -1.652199999999999849e-02 
1 1 4 15 -1.652199999999999849e-02 
1 1 4 16 -1.652199999999999849e-02 
1 1 4 17 -1.652199999999999849e-02 
1 1 4 18 -1.652199999999999849e-02 
1 1 4 19 -1.652199999999999849e-02 
1 1 4 20 -1.652199999999999849e-02 
1 1 4 21 -1.652199999999999849e-02 
1 1 4 22 -1.652199999999999849e-02 
1 1 4 23 -1.652199999999999849e-02 
1 1 4 24 -1.652199999999999849e-02 
1 1 5 5 9.999989073101729353e-01 
1 1 5 13 -8.182580000000000409e-01 
1 1 5 14 -1.652199999999999849e-02 
1 1 5 15 -1.652199999999999849e-02 
1 1 5 16 -1.652199999999999849e-02 
1 1 5 17 -1.652199999999999849e-02 
1 1 5 18 -1.652199999999999849e-02 
1 1 5 19 -1.652199999999999849e-02 
1 1 5 20 -1.652199999999999849e-02 
1 1 5 21 -1.652199999999999849e-02 
1 1 5 22 -1.652199999999999849e-02 
1 1 5 23 -1.652199999999999849e-02 
1 1 5 24 -1.652199999999999849e-02 
1 1 6 6 9.999989073085666647e-01 
1 1 6 13 -8.182580000000000409e-01 
1 1 6 14 -1.652199999999999849e-02 
1 1 6 15 -1.652199999999999849e-02 
1 1 6 16 -1.652199999999999849e-02 
1 1 6 17 -1.652199999999999849e-02 
1 1 6 18 -1.652199999999999849e-02 
1 1 6 19 -1.652199999999999849e-02 
1 1 6 20 -1.652199999999999849e-02 
1 1 6 21 -1.652199999999999849e-02 
1 1 6 22 -1.652199999999999849e-02 
1 1 6 23 -1.652199999999999849e-02 
1 1 6 24 -1.652199999999999849e-02 
1 1 7 7 9.999989073080235435e-01 
1 1 7 13 -8.182580000000000409e-01 
1 1 7 14 -1.652199999999999849e-02 
1 1 7 15 -1.652199999999999849e-02 
1 1 7 16 -1.652199999999999849e-02 
1 1 7 17 -1.652199999999999849e-02 
1 1 7 18 -1.652199999999999849e-02 
1 1 7 19 -1.652199999999999849e-02 
1 1 7 20 -1.652199999999999849e-02 
1 1 7 21 -1.652199999999999849e-02 
1 1 7 22 -1.652199999999999849e-02 
1 1 7 23 -1.652199999999999849e-02 
1 1 7 24 -1.652199999999999849e-02 
1 1 8 8 9.999989073082883317e-01 
1 1 8 13 -8.182580000000000409e-01 
1 1 8 14 -1.652199999999999849e-02 
1 1 8 15 -1.652199999999999849e-02 
1 1 8 16 -1.652199999999999849e-02 
1 1 8 17 -1.652199999999999849e-02 
1 1 8 18 -1.652199999999999849e-02 
1 1 8 19 -1.652199999999999849e-02 
1 1 8 20 -1.652199999999999849e-02 
1 1 8 21 -1.652199999999999849e-02 
1 1 8 22 -1.652199999999999849e-02 
1 1 8 23 -1.652199999999999849e-02 
1 1 8 24 -1.652199999999999849e-02 
1 1 9 9 9.999989073099669890e-01 
1 1 9 13 -8.182580000000000409e-01 
1 1 9 14 -1.652199999999999849e-02 
1 1 9 15 -1.652199999999999849e-02 
1 1 9 16 -1.652199999999999849e-02 
1 1 9 17 -1.652199999999999849e-02 
1 1 9 18 -1.652199999999999849e-02 
1 1 9 19 -1.652199999999999849e-02 
1 1 9 20 -1.652199999999999849e-02 
1 1 9 21 -1.652199999999999849e-02 
1 1 9 22 -1.652199999999999849e-02 
1 1 9 23 -1.652199999999999849e-02 
1 1 9 24 -1.652199999999999849e-02 
1 1 10 10 9.999989073084298852e-01 
1 1 10 13 -8.182580000000000409e-01 
1 1 10 14 -1.652199999999999849e-02 
1 1 10 15 -1.652199999999999849e-02 
1 1 10 16 -1.652199999999999849e-02 
1 1 10 17 -1.652199999999999849e-02 
1 1 10 18 -1.652199999999999849e-02 
1 1 10 19 -1.652199999999999849e-02 
1 1 10 20 -1.652199999999999849e-02 
1 1 10 21 -1.652199999999999849e-02 
1 1 10 22 -1.652199999999999849e-02 
1 1 10 23 -1.652199999999999849e-02 
1 1 10 24 -1.652199999999999849e-02 
1 1 11 11 9.999989073114370353e-01 
1 1 11 13 -8.182580000000000409e-01 
1 1 11 14 -1.652199999999999849e-02 
1 1 11 15 -1.652199999999999849e-02 
1 1 11 16 -1.652199999999999849e-02 
1 1 11 17 -1.652199999999999849e-02 
1 1 11 18 -1.652199999999999849e-02 
1 1 11 19 -1.652199999999999849e-02 
1 1 11 20 -1.652199999999999849e-02 
1 1 11 21 -1.652199999999999849e-02 
1 1 11 22 -1.652199999999999849e-02 
1 1 11 23 -1.652199999999999849e-02 
1 1 11 24 -1.652199999999999849e-02 
1 1 12 12 9.999989073066924972e-01 
1 1 12 13 -8.182580000000000409e-01 
1 1 12 14 -1.652199999999999849e-02 
1 1 12 15 -1.652199999999999849e-02 
1 1 12 16 -1.652199999999999849e-02 
1 1 12 17 -1.652199999999999849e-02 
1 1 12 18 -1.652199999999999849e-02 
1 1 12 19 -1.652199999999999849e-02 
1 1 12 20 -1.652199999999999849e-02 
1 1 12 21 -1.652199999999999849e-02 
1 1 12 22 -1.652199999999999849e-02 
1 1 12 23 -1.652199999999999849e-02 
1 1 12 24 -1.652199999999999849e-02 
1 1 13 13 1.000002202066681356e+01 
1 1 14 14 9.999989073081844149e-01 
1 1 15 15 9.999989073085915336e-01 
1 1 16 16 9.999989073065926881e-01 
1 1 17 17 9.999989073083440649e-01 
1 1 18 18 9.999989073079871282e-01 
1 1 19 19 9.999989073079647017e-01 
1 1 20 20 9.999989073080619573e-01 
1 1 21 21 9.999989073074972978e-01 
1 1 22 22 9.999989073070165713e-01 
1 1 23 23 9.999989073081840818e-01 
1 1 24 24 9.999989073095384429e-01 
2 1 1 1 1.000000000000064171e+00 
2 1 1 2 9.999999987299450499e-01 
2 1 1 3 9.999999987299835746e-01 
2 1 1 4 9.999999987299844628e-01 
2 1 1 5 9.999999987299479365e-01 
2 1 1 6 9.999999987299326154e-01 
2 1 1 7 9.999999987299327264e-01 
2 1 1 8 9.999999987299442727e-01 
2 1 1 9 9.999999987299437176e-01 
2 1 1 10 9.999999987299410531e-01 
2 1 1 11 9.999999987299545978e-01 
2 1 1 12 9.999999987299653670e-01 
2 1 1 13 9.999999995904502725e-01 
2 1 1 14 9.999999990135145511e-01 
2 1 1 15 9.999999990135326478e-01 
2 1 1 16 9.999999990135644001e-01 
2 1 1 17 9.999999990135428618e-01 
2 1 1 18 9.999999990135770567e-01 
2 1 1 19 9.999999990135642891e-01 
2 1 1 20 9.999999990135380878e-01 
2 1 1 21 9.999999990135353123e-01 
2 1 1 22 9.999999990134978978e-01 
2 1 1 23 9.999999990135087780e-01 
2 1 1 24 9.999999990135720607e-01 
2 1 2 2 1.000000000000028644e+00 
2 1 2 3 9.999999980478627704e-01 
2 1 2 4 9.999999980478296857e-01 
2 1 2 5 9.999999980477815020e-01 
2 1 2 6 9.999999980478363470e-01 
2 1 2 7 9.999999980478481154e-01 
2 1 2 8 9.999999980477881634e-01 
2 1 2 9 9.999999980478084805e-01 
2 1 2 10 9.999999980477995987e-01 
2 1 2 11 9.999999980478152528e-01 
2 1 2 12 9.999999980478181394e-01 
2 1 2 13 9.999999990135250982e-01 
2 1 2 14 9.999999978787842414e-01 
2 1 2 15 9.999999978787847965e-01 
2 1 2 16 9.999999978787906807e-01 
2 1 2 17 9.999999978787961208e-01 
2 1 2 18 9.999999978788305377e-01 
2 1 2 19 9.999999978788051136e-01 
2 1 2 20 9.999999978788224331e-01 
2 1 2 21 9.999999978787724730e-01 
2 1 2 22 9.999999978787824650e-01 
2 1 2 23 9.999999978787255106e-01 
2 1 2 24 9.999999978788085553e-01 
2 1 3 3 1.000000000000066613e+00 
2 1 3 4 9.999999980478432304e-01 
2 1 3 5 9.999999980478636585e-01 
2 1 3 6 9.999999980478553319e-01 
2 1 3 7 9.999999980478515571e-01 
2 1 3 8 9.999999980478553319e-01 
2 1 3 9 9.999999980478065931e-01 
2 1 3 10 9.999999980478397887e-01 
2 1 3 11 9.999999980478899708e-01 
2 1 3 12 9.999999980478674333e-01 
2 1 3 13 9.999999990135335359e-01 
2 1 3 14 9.999999978788083332e-01 
2 1 3 15 9.999999978788064459e-01 
2 1 3 16 9.999999978788064459e-01 
2 1 3 17 9.999999978788493005e-01 
2 1 3 18 9.999999978788428612e-01 
2 1 3 19 9.999999978788256527e-01 
2 1 3 20 9.999999978788315369e-01 
2 1 3 21 9.999999978788342014e-01 
2 1 3 22 9.999999978788056687e-01 
2 1 3 23 9.999999978787956767e-01 
2 1 3 24 9.999999978788487454e-01 
2 1 4 4 9.999999999999876765e-01 
2 1 4 5 9.999999980477998207e-01 
2 1 4 6 9.999999980478461170e-01 
2 1 4 7 9.999999980478140316e-01 
2 1 4 8 9.999999980477951578e-01 
2 1 4 9 9.999999980478122552e-01 
2 1 4 10 9.999999980478051498e-01 
2 1 4 11 9.999999980478364581e-01 
2 1 4 12 9.999999980478082584e-01 
2 1 4 13 9.999999990135650663e-01 
2 1 4 14 9.999999978787824650e-01 
2 1 4 15 9.999999978787709187e-01 
2 1 4 16 9.999999978788008947e-01 
2 1 4 17 9.999999978787971200e-01 
2 1 4 18 9.999999978788259858e-01 
2 1 4 19 9.999999978787941224e-01 
2 1 4 20 9.999999978788035593e-01 
2 1 4 21 9.999999978788035593e-01 
2 1 4 22 9.999999978787826871e-01 
2 1 4 23 9.999999978787387223e-01 
2 1 4 24 9.999999978788370880e-01 
2 1 5 5 9.999999999999441558e-01 
2 1 5 6 9.999999980478165851e-01 
2 1 5 7 9.999999980477775052e-01 
2 1 5 8 9.999999980477612960e-01 
2 1 5 9 9.999999980477605188e-01 
2 1 5 10 9.999999980477881634e-01 
2 1 5 11 9.999999980477801698e-01 
2 1 5 12 9.999999980478301298e-01 
2 1 5 13 9.999999990134794681e-01 
2 1 5 14 9.999999978787584842e-01 
2 1 5 15 9.999999978787172950e-01 
2 1 5 16 9.999999978787441623e-01 
2 1 5 17 9.999999978787672550e-01 
2 1 5 18 9.999999978787568189e-01 
2 1 5 19 9.999999978787531552e-01 
2 1 5 20 9.999999978787507127e-01 
2 1 5 21 9.999999978787101895e-01 
2 1 5 22 9.999999978787166288e-01 
2 1 5 23 9.999999978787350585e-01 
2 1 5 24 9.999999978787807997e-01 
2 1 6 6 1.000000000000044187e+00 
2 1 6 7 9.999999980478562200e-01 
2 1 6 8 9.999999980478153638e-01 
2 1 6 9 9.999999980478004868e-01 
2 1 6 10 9.999999980478047057e-01 
2 1 6 11 9.999999980478369022e-01 
2 1 6 12 9.999999980478401218e-01 
2 1 6 13 9.999999990135227668e-01 
2 1 6 14 9.999999978787756927e-01 
2 1 6 15 9.999999978787760258e-01 
2 1 6 16 9.999999978787930122e-01 
2 1 6 17 9.999999978787968979e-01 
2 1 6 18 9.999999978788099986e-01 
2 1 6 19 9.999999978787869059e-01 
2 1 6 20 9.999999978788030042e-01 
2 1 6 21 9.999999978787892374e-01 
2 1 6 22 9.999999978787584842e-01 
2 1 6 23 9.999999978787388333e-01 
2 1 6 24 9.999999978788350896e-01 
2 1 7 7 1.000000000000002220e+00 
2 1 7 8 9.999999980478015971e-01 
2 1 7 9 9.999999980477773942e-01 
2 1 7 10 9.999999980477571881e-01 
2 1 7 11 9.999999980478347927e-01 
2 1 7 12 9.999999980478083694e-01 
2 1 7 13 9.999999990135568506e-01 
2 1 7 14 9.999999978787745825e-01 
2 1 7 15 9.999999978787759147e-01 
2 1 7 16 9.999999978787896815e-01 
2 1 7 17 9.999999978787920130e-01 
2 1 7 18 9.999999978788005617e-01 
2 1 7 19 9.999999978787968979e-01 
2 1 7 20 9.999999978788145505e-01 
2 1 7 21 9.999999978787750265e-01 
2 1 7 22 9.999999978787622590e-01 
2 1 7 23 9.999999978787296184e-01 
2 1 7 24 9.999999978788471910e-01 
2 1 8 8 9.999999999999658051e-01 
2 1 8 9 9.999999980477423112e-01 
2 1 8 10 9.999999980477529693e-01 
2 1 8 11 9.999999980478091466e-01 
2 1 8 12 9.999999980477760619e-01 
2 1 8 13 9.999999990134715855e-01 
2 1 8 14 9.999999978787236232e-01 
2 1 8 15 9.999999978787197374e-01 
2 1 8 16 9.999999978787625921e-01 
2 1 8 17 9.999999978787329491e-01 
2 1 8 18 9.999999978787571520e-01 
2 1 8 19 9.999999978787366128e-01 
2 1 8 20 9.999999978787790234e-01 
2 1 8 21 9.999999978787241783e-01 
2 1 8 22 9.999999978786882071e-01 
2 1 8 23 9.999999978787125210e-01 
2 1 8 24 9.999999978788037813e-01 
2 1 9 9 9.999999999999743538e-01 
2 1 9 10 9.999999980477626282e-01 
2 1 9 11 9.999999980478000428e-01 
2 1 9 12 9.999999980477632944e-01 
2 1 9 13 9.999999990135227668e-01 
2 1 9 14 9.999999978787553756e-01 
2 1 9 15 9.999999978787406096e-01 
2 1 9 16 9.999999978787882382e-01 
2 1 9 17 9.999999978787701416e-01 
2 1 9 18 9.999999978787693644e-01 
2 1 9 19 9.999999978787437183e-01 
2 1 9 20 9.999999978787815769e-01 
2 1 9 21 9.999999978787348365e-01 
2 1 9 22 9.999999978787451616e-01 
2 1 9 23 9.999999978787249555e-01 
2 1 9 24 9.999999978787990074e-01 
2 1 10 10 9.999999999999518163e-01 
2 1 10 11 9.999999980478267991e-01 
2 1 10 12 9.999999980477942696e-01 
2 1 10 13 9.999999990135066685e-01 
2 1 10 14 9.999999978787408317e-01 
2 1 10 15 9.999999978787392774e-01 
2 1 10 16 9.999999978787534882e-01 
2 1 10 17 9.999999978787704746e-01 
2 1 10 18 9.999999978787872390e-01 
2 1 10 19 9.999999978787638133e-01 
2 1 10 20 9.999999978787877941e-01 
2 1 10 21 9.999999978787703636e-01 
2 1 10 22 9.999999978787432742e-01 
2 1 10 23 9.999999978787889043e-01 
2 1 10 24 9.999999978788122190e-01 
2 1 11 11 1.000000000000010658e+00 
2 1 11 12 9.999999980478386785e-01 
2 1 11 13 9.999999990135093331e-01 
2 1 11 14 9.999999978787649235e-01 
2 1 11 15 9.999999978787332822e-01 
2 1 11 16 9.999999978787589283e-01 
2 1 11 17 9.999999978787831312e-01 
2 1 11 18 9.999999978787714738e-01 
2 1 11 19 9.999999978788023380e-01 
2 1 11 20 9.999999978787434962e-01 
2 1 11 21 9.999999978787490473e-01 
2 1 11 22 9.999999978787423860e-01 
2 1 11 23 9.999999978787055266e-01 
2 1 11 24 9.999999978787861288e-01 
2 1 12 12 1.000000000000010658e+00 
2 1 12 13 9.999999990135112204e-01 
2 1 12 14 9.999999978788127741e-01 
2 1 12 15 9.999999978787919019e-01 
2 1 12 16 9.999999978787937893e-01 
2 1 12 17 9.999999978788041144e-01 
2 1 12 18 9.999999978788450816e-01 
2 1 12 19 9.999999978788216559e-01 
2 1 12 20 9.999999978788332022e-01 
2 1 12 21 9.999999978787669219e-01 
2 1 12 22 9.999999978787325050e-01 
2 1 12 23 9.999999978787770250e-01 
2 1 12 24 9.999999978788349786e-01 
2 1 13 13 1.000000000000052847e+00 
2 1 13 14 9.999999987299080795e-01 
2 1 13 15 9.999999987299288406e-01 
2 1 13 16 9.999999987299503790e-01 
2 1 13 17 9.999999987299308390e-01 
2 1 13 18 9.999999987299481585e-01 
2 1 13 19 9.999999987299595938e-01 
2 1 13 20 9.999999987299531545e-01 
2 1 13 21 9.999999987299278414e-01 
2 1 13 22 9.999999987299388327e-01 
2 1 13 23 9.999999987299101889e-01 
2 1 13 24 9.999999987299340587e-01 
2 1 14 14 1.000000000000026645e+00 
2 1 14 15 9.999999980478386785e-01 
2 1 14 16 9.999999980478584405e-01 
2 1 14 17 9.999999980478424533e-01 
2 1 14 18 9.999999980478826433e-01 
2 1 14 19 9.999999980478968542e-01 
2 1 14 20 9.999999980478522232e-01 
2 1 14 21 9.999999980478538886e-01 
2 1 14 22 9.999999980478436745e-01 
2 1 14 23 9.999999980477967121e-01 
2 1 14 24 9.999999980479001849e-01 
2 1 15 15 1.000000000000027534e+00 
2 1 15 16 9.999999980478304629e-01 
2 1 15 17 9.999999980478309070e-01 
2 1 15 18 9.999999980478877504e-01 
2 1 15 19 9.999999980478126993e-01 
2 1 15 20 9.999999980478547768e-01 
2 1 15 21 9.999999980478426753e-01 
2 1 15 22 9.999999980478212480e-01 
2 1 15 23 9.999999980477951578e-01 
2 1 15 24 9.999999980478612160e-01 
2 1 16 16 1.000000000000057065e+00 
2 1 16 17 9.999999980478481154e-01 
2 1 16 18 9.999999980479014061e-01 
2 1 16 19 9.999999980478541106e-01 
2 1 16 20 9.999999980478847528e-01 
2 1 16 21 9.999999980479054029e-01 
2 1 16 22 9.999999980478451178e-01 
2 1 16 23 9.999999980478518902e-01 
2 1 16 24 9.999999980478915251e-01 
2 1 17 17 1.000000000000062617e+00 
2 1 17 18 9.999999980478837536e-01 
2 1 17 19 9.999999980478890826e-01 
2 1 17 20 9.999999980478599948e-01 
2 1 17 21 9.999999980478352368e-01 
2 1 17 22 9.999999980478703199e-01 
2 1 17 23 9.999999980478205819e-01 
2 1 17 24 9.999999980479029604e-01 
2 1 18 18 1.000000000000161648e+00 
2 1 18 19 9.999999980479313821e-01 
2 1 18 20 9.999999980479209460e-01 
2 1 18 21 9.999999980479190587e-01 
2 1 18 22 9.999999980478834205e-01 
2 1 18 23 9.999999980478679884e-01 
2 1 18 24 9.999999980478941897e-01 
2 1 19 19 1.000000000000079714e+00 
2 1 19 20 9.999999980478879724e-01 
2 1 19 21 9.999999980478729844e-01 
2 1 19 22 9.999999980478910810e-01 
2 1 19 23 9.999999980478494477e-01 
2 1 19 24 9.999999980479303829e-01 
2 1 20 20 1.000000000000097922e+00 
2 1 20 21 9.999999980478848638e-01 
2 1 20 22 9.999999980478854189e-01 
2 1 20 23 9.999999980478326833e-01 
2 1 20 24 9.999999980479020723e-01 
2 1 21 21 1.000000000000059286e+00 
2 1 21 22 9.999999980478561090e-01 
2 1 21 23 9.999999980478564421e-01 
2 1 21 24 9.999999980478809780e-01 
2 1 22 22 1.000000000000049294e+00 
2 1 22 23 9.999999980478257999e-01 
2 1 22 24 9.999999980478661010e-01 
2 1 23 23 9.999999999999478195e-01 
2 1 23 24 9.999999980478589956e-01 
2 1 24 24 1.000000000000042411e+00 
